1, 30.000000, 0.000000, 0
1, 30.000000, 0.035526, 4
1, 30.000000, 0.106577, 9
1, 30.000000, 0.198944, 14
1, 30.000000, 0.284206, 19
1, 30.000000, 0.369468, 23
1, 30.000000, 0.447625, 28
1, 30.000000, 0.511571, 33
1, 30.000000, 0.582623, 38
1, 30.000000, 0.639464, 43
1, 30.000000, 0.703410, 47
1, 30.000000, 0.767357, 52
1, 30.000000, 0.824198, 57
1, 30.000000, 0.866829, 62
1, 30.000000, 0.916565, 67
1, 30.000000, 0.966301, 71
1, 30.000000, 1.008932, 76
1, 30.000000, 1.051563, 81
1, 30.000000, 1.094194, 86
1, 30.000000, 1.136825, 90
1, 30.000000, 1.172351, 95
1, 30.000000, 1.207877, 100
1, 30.000000, 1.236297, 105
1, 30.000000, 1.271823, 109
1, 30.000000, 1.307349, 114
1, 30.000000, 1.335769, 119
1, 30.000000, 1.364190, 124
1, 30.000000, 1.385505, 128
1, 30.000000, 1.406821, 133
1, 30.000000, 1.435242, 138
1, 30.000000, 1.449452, 143
1, 30.000000, 1.470767, 147
1, 30.000000, 1.492083, 152
1, 30.000000, 1.506293, 157
1, 30.000000, 1.520503, 162
1, 30.000000, 1.534714, 166
1, 30.000000, 1.548924, 171
1, 30.000000, 1.563134, 176
1, 30.000000, 1.577345, 181
1, 30.000000, 1.584450, 185
1, 30.000000, 1.591555, 190
1, 30.000000, 1.605765, 195
1, 30.000000, 1.612870, 200
1, 30.000000, 1.619976, 204
1, 30.000000, 1.634186, 209
1, 30.000000, 1.641291, 214
1, 30.000000, 1.648396, 219
1, 30.000000, 1.655501, 223
1, 30.000000, 1.662607, 228
1, 30.000000, 1.676817, 233
1, 30.000000, 1.683922, 238
1, 30.000000, 1.691027, 242
1, 30.000000, 1.698132, 247
1, 30.000000, 1.705238, 252
1, 30.000000, 1.719448, 257
1, 30.000000, 1.719448, 261
1, 30.000000, 1.733658, 266
1, 30.000000, 1.740763, 271
1, 30.000000, 1.747868, 276
1, 30.000000, 1.762079, 280
1, 30.000000, 1.762079, 285
1, 30.000000, 1.776289, 290
1, 30.000000, 1.783394, 295
1, 30.000000, 1.790499, 299
1, 30.000000, 1.804710, 304
1, 30.000000, 1.818920, 309
1, 30.000000, 1.818920, 314
1, 30.000000, 1.833130, 319
1, 30.000000, 1.847341, 323
1, 30.000000, 1.854446, 328
1, 30.000000, 1.861551, 333
1, 30.000000, 1.875761, 337
1, 30.000000, 1.882866, 342
1, 30.000000, 1.889972, 347
1, 30.000000, 1.897077, 352
1, 30.000000, 1.904182, 356
1, 30.000000, 1.911287, 361
1, 30.000000, 1.918392, 366
1, 30.000000, 1.925497, 371
1, 30.000000, 1.932603, 375
1, 30.000000, 1.932603, 380
1, 30.000000, 1.939708, 385
1, 30.000000, 1.939708, 390
1, 30.000000, 1.946813, 394
1, 30.000000, 1.946813, 399
1, 30.000000, 1.946813, 404
1, 30.000000, 1.946813, 409
1, 30.000000, 1.946813, 413
1, 30.000000, 1.946813, 418
1, 30.000000, 1.946813, 423
1, 30.000000, 1.946813, 428
1, 30.000000, 1.946813, 432
1, 30.000000, 1.946813, 437
1, 30.000000, 1.946813, 442
1, 30.000000, 1.946813, 447
1, 30.000000, 1.946813, 451
1, 30.000000, 1.946813, 456
1, 30.000000, 1.946813, 461
1, 30.000000, 1.946813, 466
1, 30.000000, 1.946813, 470
1, 30.000000, 1.946813, 475
1, 30.000000, 1.946813, 480
1, 30.000000, 1.946813, 485
1, 30.000000, 1.946813, 489
1, 30.000000, 1.946813, 494
1, 30.000000, 1.946813, 499
1, 30.000000, 1.946813, 503
1, 30.000000, 1.946813, 508
1, 30.000000, 1.946813, 513
1, 30.000000, 1.946813, 518
1, 30.000000, 1.946813, 522
1, 30.000000, 1.946813, 527
1, 30.000000, 1.946813, 532
1, 30.000000, 1.946813, 537
1, 30.000000, 1.946813, 541
1, 30.000000, 1.946813, 546
1, 30.000000, 1.946813, 551
1, 30.000000, 1.946813, 556
1, 30.000000, 1.946813, 560
1, 30.000000, 1.946813, 565
1, 30.000000, 1.946813, 570
1, 30.000000, 1.946813, 575
1, 30.000000, 1.946813, 579
1, 30.000000, 1.946813, 584
1, 30.000000, 1.946813, 589
1, 30.000000, 1.946813, 594
1, 30.000000, 1.946813, 598
1, 30.000000, 1.946813, 603
1, 30.000000, 1.946813, 608
1, 30.000000, 1.946813, 613
1, 30.000000, 1.946813, 617
1, 30.000000, 1.946813, 622
1, 30.000000, 1.946813, 627
1, 30.000000, 1.946813, 631
1, 30.000000, 1.946813, 636
1, 30.000000, 1.946813, 641
1, 30.000000, 1.946813, 646
1, 30.000000, 1.946813, 650
1, 30.000000, 1.946813, 655
1, 30.000000, 1.946813, 660
1, 30.000000, 1.946813, 665
1, 30.000000, 1.946813, 669
1, 30.000000, 1.946813, 674
1, 30.000000, 1.946813, 679
1, 30.000000, 1.946813, 684
1, 30.000000, 1.946813, 688
1, 30.000000, 1.946813, 693
1, 30.000000, 1.946813, 698
1, 30.000000, 1.946813, 703
1, 30.000000, 1.946813, 707
1, 30.000000, 1.946813, 712
1, 30.000000, 1.946813, 717
1, 30.000000, 1.946813, 722
1, 30.000000, 1.946813, 726
1, 30.000000, 1.946813, 731
1, 30.000000, 1.946813, 736
1, 30.000000, 1.946813, 741
1, 30.000000, 1.946813, 745
1, 30.000000, 1.946813, 750
1, 30.000000, 1.946813, 755
1, 30.000000, 1.946813, 760
1, 30.000000, 1.946813, 764
1, 30.000000, 1.946813, 769
1, 30.000000, 1.946813, 774
1, 30.000000, 1.946813, 778
1, 30.000000, 1.946813, 783
1, 30.000000, 1.946813, 788
1, 30.000000, 1.946813, 793
1, 30.000000, 1.946813, 797
1, 30.000000, 1.946813, 802
1, 30.000000, 1.946813, 807
1, 30.000000, 1.946813, 812
1, 30.000000, 1.946813, 816
1, 30.000000, 1.946813, 821
1, 30.000000, 1.946813, 826
1, 30.000000, 1.946813, 831
1, 30.000000, 1.946813, 835
1, 30.000000, 1.946813, 840
1, 30.000000, 1.946813, 845
1, 30.000000, 1.946813, 850
1, 30.000000, 1.946813, 854
1, 30.000000, 1.946813, 859
1, 30.000000, 1.946813, 864
1, 30.000000, 1.946813, 869
1, 30.000000, 1.946813, 873
1, 30.000000, 1.946813, 878
1, 30.000000, 1.946813, 883
1, 30.000000, 1.946813, 888
1, 30.000000, 1.946813, 892
1, 30.000000, 1.946813, 897
1, 30.000000, 1.946813, 902
1, 30.000000, 1.946813, 906
1, 30.000000, 1.946813, 911
1, 30.000000, 1.946813, 916
1, 30.000000, 1.946813, 921
1, 30.000000, 1.946813, 925
1, 30.000000, 1.946813, 930
1, 30.000000, 1.946813, 935
1, 30.000000, 1.946813, 940
1, 30.000000, 1.946813, 944
1, 30.000000, 1.946813, 949
1, 30.000000, 1.946813, 954
1, 30.000000, 1.946813, 959
1, 30.000000, 1.946813, 963
1, 30.000000, 1.946813, 968
1, 30.000000, 1.946813, 973
1, 30.000000, 1.946813, 978
1, 30.000000, 1.946813, 982
1, 30.000000, 1.946813, 987
1, 30.000000, 1.946813, 992
1, 30.000000, 1.946813, 997
1, 30.000000, 1.946813, 1001
1, 30.000000, 1.946813, 1006
1, 30.000000, 1.946813, 1011
1, 30.000000, 1.946813, 1016
1, 30.000000, 1.946813, 1020
1, 30.000000, 1.946813, 1025
1, 30.000000, 1.946813, 1030
1, 30.000000, 1.946813, 1035
1, 30.000000, 1.946813, 1039
1, 30.000000, 1.946813, 1044
1, 30.000000, 1.946813, 1049
1, 30.000000, 1.946813, 1054
1, 30.000000, 1.946813, 1058
1, 30.000000, 1.946813, 1063
1, 30.000000, 1.946813, 1068
1, 30.000000, 1.946813, 1072
1, 30.000000, 1.946813, 1077
1, 30.000000, 1.946813, 1082
1, 30.000000, 1.946813, 1087
1, 30.000000, 1.946813, 1091
1, 30.000000, 1.946813, 1096
1, 30.000000, 1.946813, 1101
1, 30.000000, 1.946813, 1106
1, 30.000000, 1.946813, 1110
1, 30.000000, 1.946813, 1115
1, 30.000000, 1.946813, 1120
1, 30.000000, 1.946813, 1125
1, 30.000000, 1.946813, 1129
1, 30.000000, 1.946813, 1134
1, 30.000000, 1.946813, 1139
1, 30.000000, 1.946813, 1144
1, 30.000000, 1.946813, 1148
1, 30.000000, 1.946813, 1153
1, 30.000000, 1.946813, 1158
1, 30.000000, 1.946813, 1163
1, 30.000000, 1.946813, 1167
1, 30.000000, 1.946813, 1172
1, 30.000000, 1.946813, 1177
1, 30.000000, 1.946813, 1182
1, 30.000000, 1.946813, 1186
1, 30.000000, 1.946813, 1191
1, 30.000000, 1.946813, 1196
1, 30.000000, 1.946813, 1201
1, 30.000000, 1.946813, 1205
1, 30.000000, 1.946813, 1210
1, 30.000000, 1.946813, 1215
1, 30.000000, 1.946813, 1219
1, 30.000000, 1.946813, 1224
1, 30.000000, 1.946813, 1229
1, 30.000000, 1.946813, 1234
1, 30.000000, 1.946813, 1238
1, 30.000000, 1.946813, 1243
1, 30.000000, 1.946813, 1248
1, 30.000000, 1.946813, 1253
1, 30.000000, 1.946813, 1257
1, 30.000000, 1.946813, 1262
1, 30.000000, 1.946813, 1267
1, 30.000000, 1.946813, 1272
1, 30.000000, 1.946813, 1276
1, 30.000000, 1.946813, 1281
1, 30.000000, 1.946813, 1286
1, 30.000000, 1.946813, 1291
1, 30.000000, 1.946813, 1295
1, 30.000000, 1.946813, 1300
1, 30.000000, 1.946813, 1305
1, 30.000000, 1.946813, 1310
1, 30.000000, 1.946813, 1314
1, 30.000000, 1.946813, 1319
1, 30.000000, 1.946813, 1324
1, 30.000000, 1.946813, 1329
1, 30.000000, 1.946813, 1333
1, 30.000000, 1.946813, 1338
1, 30.000000, 1.946813, 1343
1, 30.000000, 1.946813, 1347
1, 30.000000, 1.946813, 1352
1, 30.000000, 1.946813, 1357
1, 30.000000, 1.946813, 1362
1, 30.000000, 1.946813, 1366
1, 30.000000, 1.946813, 1371
1, 30.000000, 1.946813, 1376
1, 30.000000, 1.946813, 1381
1, 30.000000, 1.946813, 1385
1, 30.000000, 1.946813, 1390
1, 30.000000, 1.946813, 1395
1, 30.000000, 1.946813, 1400
1, 30.000000, 1.946813, 1404
1, 30.000000, 1.946813, 1409
1, 30.000000, 1.946813, 1414
1, 30.000000, 1.946813, 1419
1, 30.000000, 1.946813, 1423
1, 30.000000, 1.946813, 1428
1, 30.000000, 1.946813, 1433
1, 30.000000, 1.946813, 1438
1, 30.000000, 1.946813, 1442
1, 30.000000, 1.946813, 1447
1, 30.000000, 1.946813, 1452
1, 30.000000, 1.946813, 1457
1, 30.000000, 1.946813, 1461
1, 30.000000, 1.946813, 1466
1, 30.000000, 1.946813, 1471
1, 30.000000, 1.946813, 1475
1, 30.000000, 1.946813, 1480
1, 30.000000, 1.946813, 1485
1, 30.000000, 1.946813, 1490
1, 30.000000, 1.946813, 1494
1, 30.000000, 1.946813, 1499
1, 30.000000, 1.946813, 1504
1, 30.000000, 1.946813, 1509
1, 30.000000, 1.946813, 1513
1, 30.000000, 1.946813, 1518
1, 30.000000, 1.946813, 1523
1, 30.000000, 1.946813, 1528
1, 30.000000, 1.946813, 1532
1, 30.000000, 1.946813, 1537
1, 30.000000, 1.946813, 1542
1, 30.000000, 1.946813, 1547
1, 30.000000, 1.946813, 1551
1, 30.000000, 1.946813, 1556
1, 30.000000, 1.946813, 1561
1, 30.000000, 1.946813, 1566
1, 30.000000, 1.946813, 1570
1, 30.000000, 1.946813, 1575
1, 30.000000, 1.946813, 1580
1, 30.000000, 1.946813, 1585
1, 30.000000, 1.946813, 1589
1, 30.000000, 1.946813, 1594
1, 30.000000, 1.946813, 1599
1, 30.000000, 1.946813, 1603
1, 30.000000, 1.946813, 1608
1, 30.000000, 1.946813, 1613
1, 30.000000, 1.946813, 1618
1, 30.000000, 1.946813, 1622
1, 30.000000, 1.946813, 1627
1, 30.000000, 1.946813, 1632
1, 30.000000, 1.946813, 1637
1, 30.000000, 1.946813, 1641
1, 30.000000, 1.946813, 1646
1, 30.000000, 1.946813, 1651
1, 30.000000, 1.946813, 1656
1, 30.000000, 1.946813, 1660
1, 30.000000, 1.946813, 1665
1, 30.000000, 1.946813, 1670
1, 30.000000, 1.946813, 1675
1, 30.000000, 1.946813, 1679
1, 30.000000, 1.946813, 1684
1, 30.000000, 1.946813, 1689
1, 30.000000, 1.946813, 1694
1, 30.000000, 1.946813, 1698
1, 30.000000, 1.946813, 1703
1, 30.000000, 1.946813, 1708
1, 30.000000, 1.946813, 1713
1, 30.000000, 1.946813, 1717
1, 30.000000, 1.946813, 1722
1, 30.000000, 1.946813, 1727
1, 30.000000, 1.946813, 1732
1, 30.000000, 1.946813, 1736
1, 30.000000, 1.946813, 1741
1, 30.000000, 1.946813, 1746
1, 30.000000, 1.946813, 1751
1, 30.000000, 1.946813, 1755
1, 30.000000, 1.946813, 1760
1, 30.000000, 1.946813, 1765
1, 30.000000, 1.946813, 1770
1, 30.000000, 1.946813, 1774
1, 30.000000, 1.946813, 1779
1, 30.000000, 1.946813, 1784
1, 30.000000, 1.946813, 1788
1, 30.000000, 1.946813, 1793
1, 30.000000, 1.946813, 1798
1, 30.000000, 1.946813, 1803
1, 30.000000, 1.946813, 1807
1, 30.000000, 1.946813, 1812
1, 30.000000, 1.946813, 1817
1, 30.000000, 1.946813, 1822
1, 30.000000, 1.946813, 1826
1, 30.000000, 1.946813, 1831
1, 30.000000, 1.946813, 1836
1, 30.000000, 1.946813, 1841
1, 30.000000, 1.946813, 1845
1, 30.000000, 1.946813, 1850
1, 30.000000, 1.946813, 1855
1, 30.000000, 1.946813, 1860
1, 30.000000, 1.946813, 1864
1, 30.000000, 1.946813, 1869
1, 30.000000, 1.946813, 1874
1, 30.000000, 1.946813, 1879
1, 30.000000, 1.946813, 1883
1, 30.000000, 1.946813, 1888
1, 30.000000, 1.946813, 1893
1, 30.000000, 1.946813, 1898
1, 30.000000, 1.946813, 1902
1, 30.000000, 1.946813, 1907
1, 30.000000, 1.946813, 1912
1, 30.000000, 1.946813, 1917
1, 30.000000, 1.946813, 1921
1, 30.000000, 1.946813, 1926
1, 30.000000, 1.946813, 1931
1, 30.000000, 1.946813, 1935
1, 30.000000, 1.946813, 1940
1, 30.000000, 1.946813, 1945
1, 30.000000, 1.946813, 1950
1, 30.000000, 1.946813, 1954
1, 30.000000, 1.946813, 1959
1, 30.000000, 1.946813, 1964
1, 30.000000, 1.946813, 1969
1, 30.000000, 1.946813, 1973
1, 30.000000, 1.946813, 1978
1, 30.000000, 1.946813, 1983
1, 30.000000, 1.946813, 1988
1, 30.000000, 1.946813, 1992
1, 30.000000, 1.946813, 1997
1, 30.000000, 1.946813, 2002
1, 30.000000, 1.946813, 2007
1, 30.000000, 1.946813, 2011
1, 30.000000, 1.946813, 2016
1, 30.000000, 1.946813, 2021
1, 30.000000, 1.946813, 2026
1, 30.000000, 1.946813, 2030
1, 30.000000, 1.946813, 2035
1, 30.000000, 1.946813, 2040
1, 30.000000, 1.946813, 2045
1, 30.000000, 1.946813, 2049
1, 30.000000, 1.946813, 2054
1, 30.000000, 1.946813, 2059
1, 30.000000, 1.946813, 2063
1, 30.000000, 1.946813, 2068
1, 30.000000, 1.946813, 2073
1, 30.000000, 1.946813, 2078
1, 30.000000, 1.946813, 2082
1, 30.000000, 1.946813, 2087
1, 30.000000, 1.946813, 2092
1, 30.000000, 1.946813, 2097
1, 30.000000, 1.946813, 2101
1, 30.000000, 1.946813, 2106
1, 30.000000, 1.946813, 2111
1, 30.000000, 1.946813, 2116
1, 30.000000, 1.946813, 2120
1, 30.000000, 1.946813, 2125
1, 30.000000, 1.946813, 2130
1, 30.000000, 1.946813, 2135
1, 30.000000, 1.946813, 2139
1, 30.000000, 1.946813, 2144
1, 30.000000, 1.946813, 2149
1, 30.000000, 1.946813, 2154
1, 30.000000, 1.946813, 2158
1, 30.000000, 1.946813, 2163
1, 30.000000, 1.946813, 2168
1, 30.000000, 1.946813, 2173
1, 30.000000, 1.946813, 2177
1, 30.000000, 1.946813, 2182
1, 30.000000, 1.946813, 2187
1, 30.000000, 1.946813, 2192
1, 30.000000, 1.946813, 2196
1, 30.000000, 1.946813, 2201
1, 30.000000, 1.946813, 2206
1, 30.000000, 1.946813, 2210
1, 30.000000, 1.946813, 2215
1, 30.000000, 1.946813, 2220
1, 30.000000, 1.946813, 2225
1, 30.000000, 1.946813, 2229
1, 30.000000, 1.946813, 2234
1, 30.000000, 1.946813, 2239
1, 30.000000, 1.946813, 2244
1, 30.000000, 1.946813, 2248
1, 30.000000, 1.946813, 2253
1, 30.000000, 1.946813, 2258
1, 30.000000, 1.946813, 2263
1, 30.000000, 1.946813, 2267
1, 30.000000, 1.946813, 2272
1, 30.000000, 1.946813, 2277
1, 30.000000, 1.946813, 2282
1, 30.000000, 1.946813, 2286
1, 30.000000, 1.946813, 2291
1, 30.000000, 1.946813, 2296
1, 30.000000, 1.946813, 2301
1, 30.000000, 1.946813, 2305
1, 30.000000, 1.946813, 2310
1, 30.000000, 1.946813, 2315
1, 30.000000, 1.946813, 2320
1, 30.000000, 1.946813, 2324
1, 30.000000, 1.946813, 2329
1, 30.000000, 1.946813, 2334
1, 30.000000, 1.946813, 2338
1, 30.000000, 1.946813, 2343
1, 30.000000, 1.946813, 2348
1, 30.000000, 1.946813, 2353
1, 30.000000, 1.946813, 2357
1, 30.000000, 1.946813, 2362
1, 30.000000, 1.946813, 2367
1, 30.000000, 1.946813, 2372
1, 30.000000, 1.946813, 2376
1, 30.000000, 1.946813, 2381
1, 30.000000, 1.946813, 2386
1, 30.000000, 1.946813, 2391
1, 30.000000, 1.946813, 2395
1, 30.000000, 1.946813, 2400
1, 30.000000, 1.946813, 2405
1, 30.000000, 1.946813, 2410
1, 30.000000, 1.946813, 2414
1, 30.000000, 1.946813, 2419
1, 30.000000, 1.946813, 2424
1, 30.000000, 1.946813, 2429
1, 30.000000, 1.946813, 2433
1, 30.000000, 1.946813, 2438
1, 30.000000, 1.946813, 2443
1, 30.000000, 1.946813, 2448
1, 30.000000, 1.946813, 2452
1, 30.000000, 1.946813, 2457
1, 30.000000, 1.946813, 2462
1, 30.000000, 1.946813, 2467
1, 30.000000, 1.946813, 2471
1, 30.000000, 1.946813, 2476
1, 30.000000, 1.946813, 2481
1, 30.000000, 1.946813, 2486
1, 30.000000, 1.946813, 2490
1, 30.000000, 1.946813, 2495
1, 30.000000, 1.946813, 2500
1, 30.000000, 1.946813, 2505
1, 30.000000, 1.946813, 2509
1, 30.000000, 1.946813, 2514
1, 30.000000, 1.946813, 2519
1, 30.000000, 1.946813, 2523
1, 30.000000, 1.946813, 2528
1, 30.000000, 1.946813, 2533
1, 30.000000, 1.946813, 2538
1, 30.000000, 1.946813, 2542
1, 30.000000, 1.946813, 2547
1, 30.000000, 1.946813, 2552
1, 30.000000, 1.946813, 2557
1, 30.000000, 1.946813, 2561
1, 30.000000, 1.946813, 2566
1, 30.000000, 1.946813, 2571
1, 30.000000, 1.946813, 2576
1, 30.000000, 1.946813, 2580
1, 30.000000, 1.946813, 2585
1, 30.000000, 1.946813, 2590
1, 30.000000, 1.946813, 2595
1, 30.000000, 1.946813, 2599
1, 30.000000, 1.946813, 2604
1, 30.000000, 1.946813, 2609
1, 30.000000, 1.946813, 2614
1, 30.000000, 1.946813, 2618
1, 30.000000, 1.946813, 2623
1, 30.000000, 1.946813, 2628
1, 30.000000, 1.946813, 2633
1, 30.000000, 1.946813, 2637
1, 30.000000, 1.946813, 2642
1, 30.000000, 1.946813, 2647
1, 30.000000, 1.946813, 2651
1, 30.000000, 1.946813, 2656
1, 30.000000, 1.946813, 2661
1, 30.000000, 1.946813, 2666
1, 30.000000, 1.946813, 2670
1, 30.000000, 1.946813, 2675
1, 30.000000, 1.946813, 2680
1, 30.000000, 1.946813, 2685
1, 30.000000, 1.946813, 2689
1, 30.000000, 1.946813, 2694
1, 30.000000, 1.946813, 2699
1, 30.000000, 1.946813, 2704
1, 30.000000, 1.946813, 2708
1, 30.000000, 1.946813, 2713
1, 30.000000, 1.946813, 2718
1, 30.000000, 1.946813, 2723
1, 30.000000, 1.946813, 2727
1, 30.000000, 1.946813, 2732
1, 30.000000, 1.946813, 2737
1, 30.000000, 1.946813, 2742
1, 30.000000, 1.946813, 2746
1, 30.000000, 1.946813, 2751
1, 30.000000, 1.946813, 2756
1, 30.000000, 1.946813, 2761
1, 30.000000, 1.946813, 2765
1, 30.000000, 1.946813, 2770
1, 30.000000, 1.946813, 2775
1, 30.000000, 1.946813, 2779
1, 30.000000, 1.946813, 2784
1, 30.000000, 1.946813, 2789
1, 30.000000, 1.946813, 2794
1, 30.000000, 1.946813, 2798
1, 30.000000, 1.946813, 2803
1, 30.000000, 1.946813, 2808
1, 30.000000, 1.946813, 2813
1, 30.000000, 1.946813, 2817
1, 30.000000, 1.946813, 2822
1, 30.000000, 1.946813, 2827
1, 30.000000, 1.946813, 2832
1, 30.000000, 1.946813, 2836
1, 30.000000, 1.946813, 2841
1, 30.000000, 1.946813, 2846
1, 30.000000, 1.946813, 2851
1, 30.000000, 1.946813, 2855
1, 30.000000, 1.946813, 2860
1, 30.000000, 1.946813, 2865
1, 30.000000, 1.946813, 2870
1, 30.000000, 1.946813, 2874
1, 30.000000, 1.946813, 2879
1, 30.000000, 1.946813, 2884
1, 30.000000, 1.946813, 2889
1, 30.000000, 1.946813, 2893
1, 30.000000, 1.946813, 2898
1, 30.000000, 1.946813, 2903
1, 30.000000, 1.946813, 2908
1, 30.000000, 1.946813, 2912
1, 30.000000, 1.946813, 2917
1, 30.000000, 1.946813, 2922
1, 30.000000, 1.946813, 2926
1, 30.000000, 1.946813, 2931
1, 30.000000, 1.946813, 2936
1, 30.000000, 1.946813, 2941
1, 30.000000, 1.946813, 2945
1, 30.000000, 1.946813, 2950
1, 30.000000, 1.946813, 2955
1, 30.000000, 1.946813, 2960
1, 30.000000, 1.946813, 2964
1, 30.000000, 1.946813, 2969
1, 30.000000, 1.946813, 2974
1, 30.000000, 1.946813, 2979
1, 30.000000, 1.946813, 2983
1, 30.000000, 1.946813, 2988
1, 30.000000, 1.946813, 2993
1, 30.000000, 1.946813, 2998
1, 30.000000, 1.946813, 3002
1, 30.000000, 1.946813, 3007
1, 30.000000, 1.946813, 3012
1, 30.000000, 1.946813, 3017
1, 30.000000, 1.946813, 3021
1, 30.000000, 1.946813, 3026
1, 30.000000, 1.946813, 3031
1, 30.000000, 1.946813, 3036
1, 30.000000, 1.946813, 3040
1, 30.000000, 1.946813, 3045
1, 30.000000, 1.946813, 3050
1, 30.000000, 1.946813, 3054
1, 30.000000, 1.946813, 3059
1, 30.000000, 1.946813, 3064
1, 30.000000, 1.946813, 3069
1, 30.000000, 1.946813, 3073
1, 30.000000, 1.946813, 3078
1, 30.000000, 1.946813, 3083
1, 30.000000, 1.946813, 3088
1, 30.000000, 1.946813, 3092
1, 30.000000, 1.946813, 3097
1, 30.000000, 1.946813, 3102
1, 30.000000, 1.946813, 3107
1, 30.000000, 1.946813, 3111
1, 30.000000, 1.946813, 3116
1, 30.000000, 1.946813, 3121
1, 30.000000, 1.946813, 3126
1, 30.000000, 1.946813, 3130
1, 30.000000, 1.946813, 3135
1, 30.000000, 1.946813, 3140
1, 30.000000, 1.946813, 3145
1, 30.000000, 1.946813, 3149
1, 30.000000, 1.946813, 3154
1, 30.000000, 1.946813, 3159
1, 30.000000, 1.946813, 3164
1, 30.000000, 1.946813, 3168
1, 30.000000, 1.946813, 3173
1, 30.000000, 1.946813, 3178
1, 30.000000, 1.946813, 3183
1, 30.000000, 1.946813, 3187
1, 30.000000, 1.946813, 3192
1, 30.000000, 1.946813, 3197
1, 30.000000, 1.946813, 3202
1, 30.000000, 1.946813, 3206
1, 30.000000, 1.946813, 3211
1, 30.000000, 1.946813, 3216
1, 30.000000, 1.946813, 3221
1, 30.000000, 1.946813, 3225
1, 30.000000, 1.946813, 3230
1, 30.000000, 1.946813, 3235
1, 30.000000, 1.946813, 3239
1, 30.000000, 1.946813, 3244
1, 30.000000, 1.946813, 3249
1, 30.000000, 1.946813, 3254
1, 30.000000, 1.946813, 3258
1, 30.000000, 1.946813, 3263
1, 30.000000, 1.946813, 3268
1, 30.000000, 1.946813, 3273
1, 30.000000, 1.946813, 3277
1, 30.000000, 1.946813, 3282
1, 30.000000, 1.946813, 3287
1, 30.000000, 1.946813, 3292
1, 30.000000, 1.946813, 3296
1, 30.000000, 1.946813, 3301
1, 30.000000, 1.946813, 3306
1, 30.000000, 1.946813, 3311
1, 30.000000, 1.946813, 3315
1, 30.000000, 1.946813, 3320
1, 30.000000, 1.946813, 3325
1, 30.000000, 1.946813, 3330
1, 30.000000, 1.946813, 3334
1, 30.000000, 1.946813, 3339
1, 30.000000, 1.946813, 3344
1, 30.000000, 1.946813, 3349
1, 30.000000, 1.946813, 3353
1, 30.000000, 1.946813, 3358
1, 30.000000, 1.946813, 3363
1, 30.000000, 1.946813, 3367
1, 30.000000, 1.946813, 3372
1, 30.000000, 1.946813, 3377
1, 30.000000, 1.946813, 3382
1, 30.000000, 1.946813, 3386
1, 30.000000, 1.946813, 3391
1, 30.000000, 1.946813, 3396
1, 30.000000, 1.946813, 3401
1, 30.000000, 1.946813, 3405
1, 30.000000, 1.946813, 3410
1, 30.000000, 1.946813, 3415
1, 30.000000, 1.946813, 3420
1, 30.000000, 1.946813, 3424
1, 30.000000, 1.946813, 3429
1, 30.000000, 1.946813, 3434
1, 30.000000, 1.946813, 3439
1, 30.000000, 1.946813, 3443
1, 30.000000, 1.946813, 3448
1, 30.000000, 1.946813, 3453
1, 30.000000, 1.946813, 3458
1, 30.000000, 1.946813, 3462
1, 30.000000, 1.946813, 3467
1, 30.000000, 1.946813, 3472
1, 30.000000, 1.946813, 3477
1, 30.000000, 1.946813, 3481
1, 30.000000, 1.946813, 3486
1, 30.000000, 1.946813, 3491
1, 30.000000, 1.946813, 3496
1, 30.000000, 1.946813, 3500
1, 30.000000, 1.946813, 3505
1, 30.000000, 1.946813, 3510
1, 30.000000, 1.946813, 3514
1, 30.000000, 1.946813, 3519
1, 30.000000, 1.946813, 3524
1, 30.000000, 1.946813, 3529
1, 30.000000, 1.946813, 3533
1, 30.000000, 1.946813, 3538
1, 30.000000, 1.946813, 3543
1, 30.000000, 1.946813, 3548
1, 30.000000, 1.946813, 3552
1, 30.000000, 1.946813, 3557
1, 30.000000, 1.946813, 3562
1, 30.000000, 1.946813, 3567
1, 30.000000, 1.946813, 3571
1, 30.000000, 1.946813, 3576
1, 30.000000, 1.946813, 3581
1, 30.000000, 1.946813, 3586
1, 30.000000, 1.946813, 3590
1, 30.000000, 1.946813, 3595
1, 30.000000, 1.946813, 3600
1, 30.000000, 1.946813, 3605
1, 30.000000, 1.946813, 3609
1, 30.000000, 1.946813, 3614
1, 30.000000, 1.946813, 3619
1, 30.000000, 1.946813, 3624
1, 30.000000, 1.946813, 3628
1, 30.000000, 1.946813, 3633
1, 30.000000, 1.946813, 3638
1, 30.000000, 1.946813, 3642
1, 30.000000, 1.946813, 3647
1, 30.000000, 1.946813, 3652
1, 30.000000, 1.946813, 3657
1, 30.000000, 1.946813, 3661
1, 30.000000, 1.946813, 3666
1, 30.000000, 1.946813, 3671
1, 30.000000, 1.946813, 3676
1, 30.000000, 1.946813, 3680
1, 30.000000, 1.946813, 3685
1, 30.000000, 1.946813, 3690
1, 30.000000, 1.946813, 3695
1, 30.000000, 1.946813, 3699
1, 30.000000, 1.946813, 3704
1, 30.000000, 1.946813, 3709
1, 30.000000, 1.946813, 3714
1, 30.000000, 1.946813, 3718
1, 30.000000, 1.946813, 3723
1, 30.000000, 1.946813, 3728
1, 30.000000, 1.946813, 3733
1, 30.000000, 1.946813, 3737
1, 30.000000, 1.946813, 3742
1, 30.000000, 1.946813, 3747
1, 30.000000, 1.946813, 3752
1, 30.000000, 1.946813, 3756
1, 30.000000, 1.946813, 3761
1, 30.000000, 1.946813, 3766
1, 30.000000, 1.946813, 3770
1, 30.000000, 1.946813, 3775
1, 30.000000, 1.946813, 3780
1, 30.000000, 1.946813, 3785
1, 30.000000, 1.946813, 3789
1, 30.000000, 1.946813, 3794
1, 30.000000, 1.946813, 3799
1, 30.000000, 1.946813, 3804
1, 30.000000, 1.946813, 3808
1, 30.000000, 1.946813, 3813
1, 30.000000, 1.946813, 3818
1, 30.000000, 1.946813, 3823
1, 30.000000, 1.946813, 3827
1, 30.000000, 1.946813, 3832
1, 30.000000, 1.946813, 3837
1, 30.000000, 1.946813, 3842
1, 30.000000, 1.946813, 3846
1, 30.000000, 1.946813, 3851
1, 30.000000, 1.946813, 3856
1, 30.000000, 1.946813, 3861
1, 30.000000, 1.946813, 3865
1, 30.000000, 1.946813, 3870
1, 30.000000, 1.946813, 3875
1, 30.000000, 1.946813, 3880
1, 30.000000, 1.946813, 3884
1, 30.000000, 1.946813, 3889
1, 30.000000, 1.946813, 3894
1, 30.000000, 1.946813, 3899
1, 30.000000, 1.946813, 3903
1, 30.000000, 1.946813, 3908
1, 30.000000, 1.946813, 3913
1, 30.000000, 1.946813, 3918
1, 30.000000, 1.946813, 3922
1, 30.000000, 1.946813, 3927
1, 30.000000, 1.946813, 3932
1, 30.000000, 1.946813, 3937
1, 30.000000, 1.946813, 3941
1, 30.000000, 1.946813, 3946
1, 30.000000, 1.946813, 3951
1, 30.000000, 1.946813, 3956
1, 30.000000, 1.946813, 3960
1, 30.000000, 1.946813, 3965
1, 30.000000, 1.946813, 3970
1, 30.000000, 1.946813, 3974
1, 30.000000, 1.946813, 3979
1, 30.000000, 1.946813, 3984
1, 30.000000, 1.946813, 3989
1, 30.000000, 1.946813, 3993
1, 30.000000, 1.946813, 3998
1, 30.000000, 1.946813, 4003
1, 30.000000, 1.946813, 4008
1, 30.000000, 1.946813, 4012
1, 30.000000, 1.946813, 4017
1, 30.000000, 1.946813, 4022
1, 30.000000, 1.946813, 4027
1, 30.000000, 1.946813, 4031
1, 30.000000, 1.946813, 4036
1, 30.000000, 1.946813, 4041
1, 30.000000, 1.946813, 4046
1, 30.000000, 1.946813, 4050
1, 30.000000, 1.946813, 4055
1, 30.000000, 1.946813, 4060
1, 30.000000, 1.946813, 4065
1, 30.000000, 1.946813, 4069
1, 30.000000, 1.946813, 4074
1, 30.000000, 1.946813, 4079
1, 30.000000, 1.946813, 4084
1, 30.000000, 1.946813, 4088
1, 30.000000, 1.946813, 4093
1, 30.000000, 1.946813, 4098
1, 30.000000, 1.946813, 4102
1, 30.000000, 1.946813, 4107
1, 30.000000, 1.946813, 4112
1, 30.000000, 1.946813, 4117
1, 30.000000, 1.946813, 4121
1, 30.000000, 1.946813, 4126
1, 30.000000, 1.946813, 4131
1, 30.000000, 1.946813, 4136
1, 30.000000, 1.946813, 4140
1, 30.000000, 1.946813, 4145
1, 30.000000, 1.946813, 4150
1, 30.000000, 1.946813, 4155
1, 30.000000, 1.946813, 4159
1, 30.000000, 1.946813, 4164
1, 30.000000, 1.946813, 4169
1, 30.000000, 1.946813, 4174
1, 30.000000, 1.946813, 4178
1, 30.000000, 1.946813, 4183
1, 30.000000, 1.946813, 4188
1, 30.000000, 1.946813, 4193
1, 30.000000, 1.946813, 4197
1, 30.000000, 1.946813, 4202
1, 30.000000, 1.946813, 4207
1, 30.000000, 1.946813, 4212
1, 30.000000, 1.946813, 4216
1, 30.000000, 1.946813, 4221
1, 30.000000, 1.946813, 4226
1, 30.000000, 1.946813, 4231
1, 30.000000, 1.946813, 4235
1, 30.000000, 1.946813, 4240
1, 30.000000, 1.946813, 4245
1, 30.000000, 1.946813, 4249
1, 30.000000, 1.946813, 4254
1, 30.000000, 1.946813, 4259
1, 30.000000, 1.946813, 4264
1, 30.000000, 1.946813, 4268
1, 30.000000, 1.946813, 4273
1, 30.000000, 1.946813, 4278
1, 30.000000, 1.946813, 4283
1, 30.000000, 1.946813, 4287
1, 30.000000, 1.946813, 4292
1, 30.000000, 1.946813, 4297
1, 30.000000, 1.946813, 4302
1, 30.000000, 1.946813, 4306
1, 30.000000, 1.946813, 4311
1, 30.000000, 1.946813, 4316
1, 30.000000, 1.946813, 4321
1, 30.000000, 1.946813, 4325
1, 30.000000, 1.946813, 4330
1, 30.000000, 1.946813, 4335
1, 30.000000, 1.946813, 4340
1, 30.000000, 1.946813, 4344
1, 30.000000, 1.946813, 4349
1, 30.000000, 1.946813, 4354
1, 30.000000, 1.946813, 4359
1, 30.000000, 1.946813, 4363
1, 30.000000, 1.946813, 4368
1, 30.000000, 1.946813, 4373
1, 30.000000, 1.946813, 4377
1, 30.000000, 1.946813, 4382
1, 30.000000, 1.946813, 4387
1, 30.000000, 1.946813, 4392
1, 30.000000, 1.946813, 4396
1, 30.000000, 1.946813, 4401
1, 30.000000, 1.946813, 4406
1, 30.000000, 1.946813, 4411
1, 30.000000, 1.946813, 4415
1, 30.000000, 1.946813, 4420
1, 30.000000, 1.946813, 4425
1, 30.000000, 1.946813, 4430
1, 30.000000, 1.946813, 4434
1, 30.000000, 1.946813, 4439
1, 30.000000, 1.946813, 4444
1, 30.000000, 1.946813, 4449
1, 30.000000, 1.946813, 4453
1, 30.000000, 1.946813, 4458
1, 30.000000, 1.946813, 4463
1, 30.000000, 1.946813, 4468
1, 30.000000, 1.946813, 4472
1, 30.000000, 1.946813, 4477
1, 30.000000, 1.946813, 4482
1, 30.000000, 1.946813, 4487
1, 30.000000, 1.946813, 4491
1, 30.000000, 1.946813, 4496
1, 30.000000, 1.946813, 4501
1, 30.000000, 1.946813, 4505
1, 30.000000, 1.946813, 4510
1, 30.000000, 1.946813, 4515
1, 30.000000, 1.946813, 4520
1, 30.000000, 1.946813, 4524
1, 30.000000, 1.946813, 4529
1, 30.000000, 1.946813, 4534
1, 30.000000, 1.946813, 4539
1, 30.000000, 1.946813, 4543
1, 30.000000, 1.946813, 4548
1, 30.000000, 1.946813, 4553
1, 30.000000, 1.946813, 4558
1, 30.000000, 1.946813, 4562
1, 30.000000, 1.946813, 4567
1, 30.000000, 1.946813, 4572
1, 30.000000, 1.946813, 4577
1, 30.000000, 1.946813, 4581
1, 30.000000, 1.946813, 4586
1, 30.000000, 1.946813, 4591
1, 30.000000, 1.946813, 4596
1, 30.000000, 1.946813, 4600
1, 30.000000, 1.946813, 4605
1, 30.000000, 1.946813, 4610
1, 30.000000, 1.946813, 4615
1, 30.000000, 1.946813, 4619
1, 30.000000, 1.946813, 4624
1, 30.000000, 1.946813, 4629
1, 30.000000, 1.946813, 4634
1, 30.000000, 1.946813, 4638
1, 30.000000, 1.946813, 4643
1, 30.000000, 1.946813, 4648
1, 30.000000, 1.946813, 4653
1, 30.000000, 1.946813, 4657
1, 30.000000, 1.946813, 4662
1, 30.000000, 1.946813, 4667
1, 30.000000, 1.946813, 4672
1, 30.000000, 1.946813, 4676
1, 30.000000, 1.946813, 4681
1, 30.000000, 1.946813, 4686
1, 30.000000, 1.946813, 4691
1, 30.000000, 1.946813, 4695
1, 30.000000, 1.946813, 4700
1, 30.000000, 1.946813, 4705
1, 30.000000, 1.946813, 4709
1, 30.000000, 1.946813, 4714
1, 30.000000, 1.946813, 4719
1, 30.000000, 1.946813, 4724
1, 30.000000, 1.946813, 4728
1, 30.000000, 1.946813, 4733
1, 30.000000, 1.946813, 4738
1, 30.000000, 1.946813, 4743
1, 30.000000, 1.946813, 4747
1, 30.000000, 1.946813, 4752
1, 30.000000, 1.946813, 4757
1, 30.000000, 1.946813, 4762
1, 30.000000, 1.946813, 4766
1, 30.000000, 1.946813, 4771
1, 30.000000, 1.946813, 4776
1, 30.000000, 1.946813, 4781
1, 30.000000, 1.946813, 4785
1, 30.000000, 1.946813, 4790
1, 30.000000, 1.946813, 4795
1, 30.000000, 1.946813, 4800
1, 30.000000, 1.946813, 4804
1, 30.000000, 1.946813, 4809
1, 30.000000, 1.946813, 4814
1, 30.000000, 1.946813, 4819
1, 30.000000, 1.946813, 4823
1, 30.000000, 1.946813, 4828
1, 30.000000, 1.946813, 4833
1, 30.000000, 1.946813, 4837
1, 30.000000, 1.946813, 4842
1, 30.000000, 1.946813, 4847
1, 30.000000, 1.946813, 4852
1, 30.000000, 1.946813, 4856
1, 30.000000, 1.946813, 4861
1, 30.000000, 1.946813, 4866
1, 30.000000, 1.946813, 4871
1, 30.000000, 1.946813, 4875
1, 30.000000, 1.946813, 4880
1, 30.000000, 1.946813, 4885
1, 30.000000, 1.946813, 4890
1, 30.000000, 1.946813, 4894
1, 30.000000, 1.946813, 4899
1, 30.000000, 1.946813, 4904
1, 30.000000, 1.946813, 4909
1, 30.000000, 1.946813, 4913
1, 30.000000, 1.946813, 4918
1, 30.000000, 1.946813, 4923
1, 30.000000, 1.946813, 4928
1, 30.000000, 1.946813, 4932
1, 30.000000, 1.946813, 4937
1, 30.000000, 1.946813, 4942
1, 30.000000, 1.946813, 4947
1, 30.000000, 1.946813, 4951
1, 30.000000, 1.946813, 4956
1, 30.000000, 1.946813, 4961
1, 30.000000, 1.946813, 4966
1, 30.000000, 1.946813, 4970
1, 30.000000, 1.946813, 4975
1, 30.000000, 1.946813, 4980
1, 30.000000, 1.946813, 4984
1, 30.000000, 1.946813, 4989
1, 30.000000, 1.946813, 4994
1, 30.000000, 1.946813, 4999
1, 30.000000, 1.946813, 5003
1, 30.000000, 1.946813, 5008
1, 30.000000, 1.946813, 5013
1, 30.000000, 1.946813, 5018
1, 30.000000, 1.946813, 5022
1, 30.000000, 1.946813, 5027
1, 30.000000, 1.946813, 5032
1, 30.000000, 1.946813, 5037
1, 30.000000, 1.946813, 5041
1, 30.000000, 1.946813, 5046
1, 30.000000, 1.946813, 5051
1, 30.000000, 1.946813, 5056
1, 30.000000, 1.946813, 5060
1, 30.000000, 1.946813, 5065
1, 30.000000, 1.946813, 5070
1, 30.000000, 1.946813, 5075
1, 30.000000, 1.946813, 5079
1, 30.000000, 1.946813, 5084
1, 30.000000, 1.946813, 5089
1, 30.000000, 1.946813, 5094
1, 30.000000, 1.946813, 5098
1, 30.000000, 1.946813, 5103
1, 30.000000, 1.946813, 5108
1, 30.000000, 1.946813, 5112
1, 30.000000, 1.946813, 5117
1, 30.000000, 1.946813, 5122
1, 30.000000, 1.946813, 5127
1, 30.000000, 1.946813, 5131
1, 30.000000, 1.946813, 5136
1, 30.000000, 1.946813, 5141
1, 30.000000, 1.946813, 5146
1, 30.000000, 1.946813, 5150
1, 30.000000, 1.946813, 5155
1, 30.000000, 1.946813, 5160
1, 30.000000, 1.946813, 5165
1, 30.000000, 1.946813, 5169
1, 30.000000, 1.946813, 5174
1, 30.000000, 1.946813, 5179
1, 30.000000, 1.946813, 5184
1, 30.000000, 1.946813, 5188
1, 30.000000, 1.946813, 5193
1, 30.000000, 1.946813, 5198
1, 30.000000, 1.946813, 5203
1, 30.000000, 1.946813, 5207
1, 30.000000, 1.946813, 5212
1, 30.000000, 1.946813, 5217
1, 30.000000, 1.946813, 5222
1, 30.000000, 1.946813, 5226
1, 30.000000, 1.946813, 5231
1, 30.000000, 1.946813, 5236
1, 30.000000, 1.946813, 5240
1, 30.000000, 1.946813, 5245
1, 30.000000, 1.946813, 5250
1, 30.000000, 1.946813, 5255
1, 30.000000, 1.946813, 5259
1, 30.000000, 1.946813, 5264
1, 30.000000, 1.946813, 5269
1, 30.000000, 1.946813, 5274
1, 30.000000, 1.946813, 5278
1, 30.000000, 1.946813, 5283
1, 30.000000, 1.946813, 5288
1, 30.000000, 1.946813, 5293
1, 30.000000, 1.946813, 5297
1, 30.000000, 1.946813, 5302
1, 30.000000, 1.946813, 5307
1, 30.000000, 1.946813, 5312
1, 30.000000, 1.946813, 5316
1, 30.000000, 1.946813, 5321
1, 30.000000, 1.946813, 5326
1, 30.000000, 1.946813, 5331
1, 30.000000, 1.946813, 5335
1, 30.000000, 1.946813, 5340
1, 30.000000, 1.946813, 5345
1, 30.000000, 1.946813, 5350
1, 30.000000, 1.946813, 5354
1, 30.000000, 1.946813, 5359
1, 30.000000, 1.946813, 5364
1, 30.000000, 1.946813, 5369
1, 30.000000, 1.946813, 5373
1, 30.000000, 1.946813, 5378
1, 30.000000, 1.946813, 5383
1, 30.000000, 1.946813, 5388
1, 30.000000, 1.946813, 5392
1, 30.000000, 1.946813, 5397
1, 30.000000, 1.946813, 5402
1, 30.000000, 1.946813, 5407
1, 30.000000, 1.946813, 5411
1, 30.000000, 1.946813, 5416
1, 30.000000, 1.946813, 5421
1, 30.000000, 1.946813, 5426
1, 30.000000, 1.946813, 5430
1, 30.000000, 1.946813, 5435
1, 30.000000, 1.946813, 5440
1, 30.000000, 1.946813, 5444
1, 30.000000, 1.946813, 5449
1, 30.000000, 1.946813, 5454
1, 30.000000, 1.946813, 5459
1, 30.000000, 1.946813, 5463
1, 30.000000, 1.946813, 5468
1, 30.000000, 1.946813, 5473
1, 30.000000, 1.946813, 5478
1, 30.000000, 1.946813, 5482
1, 30.000000, 1.946813, 5487
1, 30.000000, 1.946813, 5492
1, 30.000000, 1.946813, 5497
1, 30.000000, 1.946813, 5501
1, 30.000000, 1.946813, 5506
1, 30.000000, 1.946813, 5511
1, 30.000000, 1.946813, 5516
1, 30.000000, 1.946813, 5520
1, 30.000000, 1.946813, 5525
1, 30.000000, 1.946813, 5530
1, 30.000000, 1.946813, 5535
1, 30.000000, 1.946813, 5539
1, 30.000000, 1.946813, 5544
1, 30.000000, 1.946813, 5549
1, 30.000000, 1.946813, 5554
1, 30.000000, 1.946813, 5558
1, 30.000000, 1.946813, 5563
1, 30.000000, 1.946813, 5568
1, 30.000000, 1.946813, 5572
1, 30.000000, 1.946813, 5577
1, 30.000000, 1.946813, 5582
1, 30.000000, 1.946813, 5587
1, 30.000000, 1.946813, 5591
1, 30.000000, 1.946813, 5596
1, 30.000000, 1.946813, 5601
1, 30.000000, 1.946813, 5606
1, 30.000000, 1.946813, 5610
1, 30.000000, 1.946813, 5615
1, 30.000000, 1.946813, 5620
1, 30.000000, 1.946813, 5625
1, 30.000000, 1.946813, 5629
1, 30.000000, 1.946813, 5634
1, 30.000000, 1.946813, 5639
1, 30.000000, 1.946813, 5644
1, 30.000000, 1.946813, 5648
1, 30.000000, 1.946813, 5653
1, 30.000000, 1.946813, 5658
1, 30.000000, 1.946813, 5663
1, 30.000000, 1.946813, 5667
1, 30.000000, 1.946813, 5672
1, 30.000000, 1.946813, 5677
1, 30.000000, 1.946813, 5682
1, 30.000000, 1.946813, 5686
1, 30.000000, 1.946813, 5691
1, 30.000000, 1.946813, 5696
1, 30.000000, 1.946813, 5701
1, 30.000000, 1.946813, 5705
1, 30.000000, 1.946813, 5710
1, 30.000000, 1.946813, 5715
1, 30.000000, 1.946813, 5719
1, 30.000000, 1.946813, 5724
1, 30.000000, 1.946813, 5729
1, 30.000000, 1.946813, 5734
1, 30.000000, 1.946813, 5738
1, 30.000000, 1.946813, 5743
1, 30.000000, 1.946813, 5748
1, 30.000000, 1.946813, 5753
1, 30.000000, 1.946813, 5757
1, 30.000000, 1.946813, 5762
1, 30.000000, 1.946813, 5767
1, 30.000000, 1.946813, 5772
1, 30.000000, 1.946813, 5776
1, 30.000000, 1.946813, 5781
1, 30.000000, 1.946813, 5786
1, 30.000000, 1.946813, 5791
1, 30.000000, 1.946813, 5795
1, 30.000000, 1.946813, 5800
1, 30.000000, 1.946813, 5805
1, 30.000000, 1.946813, 5810
1, 30.000000, 1.946813, 5814
1, 30.000000, 1.946813, 5819
1, 30.000000, 1.946813, 5824
1, 30.000000, 1.946813, 5829
1, 30.000000, 1.946813, 5833
1, 30.000000, 1.946813, 5838
1, 30.000000, 1.946813, 5843
1, 30.000000, 1.946813, 5847
1, 30.000000, 1.946813, 5852
1, 30.000000, 1.946813, 5857
1, 30.000000, 1.946813, 5862
1, 30.000000, 1.946813, 5866
1, 30.000000, 1.946813, 5871
1, 30.000000, 1.946813, 5876
1, 30.000000, 1.946813, 5881
1, 30.000000, 1.946813, 5885
1, 30.000000, 1.946813, 5890
1, 30.000000, 1.946813, 5895
1, 30.000000, 1.946813, 5900
1, 30.000000, 1.946813, 5904
1, 30.000000, 1.946813, 5909
1, 30.000000, 1.946813, 5914
1, 30.000000, 1.946813, 5919
1, 30.000000, 1.946813, 5923
1, 30.000000, 1.946813, 5928
1, 30.000000, 1.946813, 5933
1, 30.000000, 1.946813, 5938
1, 30.000000, 1.946813, 5942
1, 30.000000, 1.946813, 5947
1, 30.000000, 1.946813, 5952
1, 30.000000, 1.946813, 5957
1, 30.000000, 1.946813, 5961
1, 30.000000, 1.946813, 5966
1, 30.000000, 1.946813, 5971
1, 30.000000, 1.946813, 5975
1, 30.000000, 1.946813, 5980
1, 30.000000, 1.946813, 5985
1, 30.000000, 1.946813, 5990
1, 30.000000, 1.946813, 5994
1, 30.000000, 1.946813, 5999
1, 30.000000, 1.946813, 6004
1, 30.000000, 1.946813, 6009
1, 30.000000, 1.946813, 6013
1, 30.000000, 1.946813, 6018
1, 30.000000, 1.946813, 6023
1, 30.000000, 1.946813, 6028
1, 30.000000, 1.946813, 6032
1, 30.000000, 1.946813, 6037
1, 30.000000, 1.946813, 6042
1, 30.000000, 1.946813, 6047
1, 30.000000, 1.946813, 6051
1, 30.000000, 1.946813, 6056
1, 30.000000, 1.946813, 6061
1, 30.000000, 1.946813, 6066
1, 30.000000, 1.946813, 6070
1, 30.000000, 1.946813, 6075
1, 30.000000, 1.946813, 6080
1, 30.000000, 1.946813, 6085
1, 30.000000, 1.946813, 6089
1, 30.000000, 1.946813, 6094
1, 30.000000, 1.946813, 6099
1, 30.000000, 1.946813, 6104
1, 30.000000, 1.946813, 6108
1, 30.000000, 1.946813, 6113
1, 30.000000, 1.946813, 6118
1, 30.000000, 1.946813, 6123
1, 30.000000, 1.946813, 6127
1, 30.000000, 1.946813, 6132
1, 30.000000, 1.946813, 6137
1, 30.000000, 1.946813, 6142
1, 30.000000, 1.946813, 6146
1, 30.000000, 1.946813, 6151
1, 30.000000, 1.946813, 6156
1, 30.000000, 1.946813, 6161
1, 30.000000, 1.946813, 6165
1, 30.000000, 1.946813, 6170
1, 30.000000, 1.946813, 6175
1, 30.000000, 1.946813, 6179
1, 30.000000, 1.946813, 6184
1, 30.000000, 1.946813, 6189
1, 30.000000, 1.946813, 6194
1, 30.000000, 1.946813, 6198
1, 30.000000, 1.946813, 6203
1, 30.000000, 1.946813, 6208
1, 30.000000, 1.946813, 6213
1, 30.000000, 1.946813, 6217
1, 30.000000, 1.946813, 6222
1, 30.000000, 1.946813, 6227
1, 30.000000, 1.946813, 6232
1, 30.000000, 1.946813, 6236
1, 30.000000, 1.946813, 6241
1, 30.000000, 1.946813, 6246
1, 30.000000, 1.946813, 6251
1, 30.000000, 1.946813, 6255
1, 30.000000, 1.946813, 6260
1, 30.000000, 1.946813, 6265
1, 30.000000, 1.946813, 6270
1, 30.000000, 1.946813, 6274
1, 30.000000, 1.946813, 6279
1, 30.000000, 1.946813, 6284
1, 30.000000, 1.946813, 6289
1, 30.000000, 1.946813, 6293
1, 30.000000, 1.946813, 6298
1, 30.000000, 1.946813, 6303
1, 30.000000, 1.946813, 6307
1, 30.000000, 1.946813, 6312
1, 30.000000, 1.946813, 6317
1, 30.000000, 1.946813, 6322
1, 30.000000, 1.946813, 6326
1, 30.000000, 1.946813, 6331
1, 30.000000, 1.946813, 6336
1, 30.000000, 1.946813, 6341
1, 30.000000, 1.946813, 6345
1, 30.000000, 1.946813, 6350
1, 30.000000, 1.946813, 6355
1, 30.000000, 1.946813, 6360
1, 30.000000, 1.946813, 6364
1, 30.000000, 1.946813, 6369
1, 30.000000, 1.946813, 6374
1, 30.000000, 1.946813, 6379
1, 30.000000, 1.946813, 6383
1, 30.000000, 1.946813, 6388
1, 30.000000, 1.946813, 6393
1, 30.000000, 1.946813, 6398
1, 30.000000, 1.946813, 6402
1, 30.000000, 1.946813, 6407
1, 30.000000, 1.946813, 6412
1, 30.000000, 1.946813, 6417
1, 30.000000, 1.946813, 6421
1, 30.000000, 1.946813, 6426
1, 30.000000, 1.946813, 6431
1, 30.000000, 1.946813, 6436
1, 30.000000, 1.946813, 6440
1, 30.000000, 1.946813, 6445
1, 30.000000, 1.946813, 6450
1, 30.000000, 1.946813, 6454
1, 30.000000, 1.946813, 6459
1, 30.000000, 1.946813, 6464
1, 30.000000, 1.946813, 6469
1, 30.000000, 1.946813, 6473
1, 30.000000, 1.946813, 6478
1, 30.000000, 1.946813, 6483
1, 30.000000, 1.946813, 6488
1, 30.000000, 1.946813, 6492
1, 30.000000, 1.946813, 6497
1, 30.000000, 1.946813, 6502
1, 30.000000, 1.946813, 6507
1, 30.000000, 1.946813, 6511
1, 30.000000, 1.946813, 6516
1, 30.000000, 1.946813, 6521
1, 30.000000, 1.946813, 6526
1, 30.000000, 1.946813, 6530
1, 30.000000, 1.946813, 6535
1, 30.000000, 1.946813, 6540
1, 30.000000, 1.946813, 6545
1, 30.000000, 1.946813, 6549
1, 30.000000, 1.946813, 6554
1, 30.000000, 1.946813, 6559
1, 30.000000, 1.946813, 6564
1, 30.000000, 1.946813, 6568
1, 30.000000, 1.946813, 6573
1, 30.000000, 1.946813, 6578
1, 30.000000, 1.946813, 6582
1, 30.000000, 1.946813, 6587
1, 30.000000, 1.946813, 6592
1, 30.000000, 1.946813, 6597
1, 30.000000, 1.946813, 6601
1, 30.000000, 1.946813, 6606
1, 30.000000, 1.946813, 6611
1, 30.000000, 1.946813, 6616
1, 30.000000, 1.946813, 6620
1, 30.000000, 1.946813, 6625
1, 30.000000, 1.946813, 6630
1, 30.000000, 1.946813, 6635
1, 30.000000, 1.946813, 6639
1, 30.000000, 1.946813, 6644
1, 30.000000, 1.946813, 6649
1, 30.000000, 1.946813, 6654
1, 30.000000, 1.946813, 6658
1, 30.000000, 1.946813, 6663
1, 30.000000, 1.946813, 6668
1, 30.000000, 1.946813, 6673
1, 30.000000, 1.946813, 6677
1, 30.000000, 1.946813, 6682
1, 30.000000, 1.946813, 6687
1, 30.000000, 1.946813, 6692
1, 30.000000, 1.946813, 6696
1, 30.000000, 1.946813, 6701
1, 30.000000, 1.946813, 6706
1, 30.000000, 1.946813, 6711
1, 30.000000, 1.946813, 6715
1, 30.000000, 1.946813, 6720
1, 30.000000, 1.946813, 6725
1, 30.000000, 1.946813, 6729
1, 30.000000, 1.946813, 6734
1, 30.000000, 1.946813, 6739
1, 30.000000, 1.946813, 6744
1, 30.000000, 1.946813, 6748
1, 30.000000, 1.946813, 6753
1, 30.000000, 1.946813, 6758
1, 30.000000, 1.946813, 6763
1, 30.000000, 1.946813, 6767
1, 30.000000, 1.946813, 6772
1, 30.000000, 1.946813, 6777
1, 30.000000, 1.946813, 6782
1, 30.000000, 1.946813, 6786
1, 30.000000, 1.946813, 6791
1, 30.000000, 1.946813, 6796
1, 30.000000, 1.946813, 6801
1, 30.000000, 1.946813, 6805
1, 30.000000, 1.946813, 6810
1, 30.000000, 1.946813, 6815
1, 30.000000, 1.946813, 6820
1, 30.000000, 1.946813, 6824
1, 30.000000, 1.946813, 6829
1, 30.000000, 1.946813, 6834
1, 30.000000, 1.946813, 6839
1, 30.000000, 1.946813, 6843
1, 30.000000, 1.946813, 6848
1, 30.000000, 1.946813, 6853
1, 30.000000, 1.946813, 6858
1, 30.000000, 1.946813, 6862
1, 30.000000, 1.946813, 6867
1, 30.000000, 1.946813, 6872
1, 30.000000, 1.946813, 6877
1, 30.000000, 1.946813, 6881
1, 30.000000, 1.946813, 6886
1, 30.000000, 1.946813, 6891
1, 30.000000, 1.946813, 6896
1, 30.000000, 1.946813, 6900
1, 30.000000, 1.946813, 6905
1, 30.000000, 1.946813, 6910
1, 30.000000, 1.946813, 6914
1, 30.000000, 1.946813, 6919
1, 30.000000, 1.946813, 6924
1, 30.000000, 1.946813, 6929
1, 30.000000, 1.946813, 6933
1, 30.000000, 1.946813, 6938
1, 30.000000, 1.946813, 6943
1, 30.000000, 1.946813, 6948
1, 30.000000, 1.946813, 6952
1, 30.000000, 1.946813, 6957
1, 30.000000, 1.946813, 6962
1, 30.000000, 1.946813, 6967
1, 30.000000, 1.946813, 6971
1, 30.000000, 1.946813, 6976
1, 30.000000, 1.946813, 6981
1, 30.000000, 1.946813, 6986
1, 30.000000, 1.946813, 6990
1, 30.000000, 1.946813, 6995
1, 30.000000, 1.946813, 7000
1, 30.000000, 1.946813, 7005
1, 30.000000, 1.946813, 7009
1, 30.000000, 1.946813, 7014
1, 30.000000, 1.946813, 7019
1, 30.000000, 1.946813, 7024
1, 30.000000, 1.946813, 7028
1, 30.000000, 1.946813, 7033
1, 30.000000, 1.946813, 7038
1, 30.000000, 1.946813, 7043
1, 30.000000, 1.946813, 7047
1, 30.000000, 1.946813, 7052
1, 30.000000, 1.946813, 7057
1, 30.000000, 1.946813, 7061
1, 30.000000, 1.946813, 7066
1, 30.000000, 1.946813, 7071
1, 30.000000, 1.946813, 7076
1, 30.000000, 1.946813, 7080
1, 30.000000, 1.946813, 7085
1, 30.000000, 1.946813, 7090
1, 30.000000, 1.946813, 7095
1, 30.000000, 1.946813, 7099
1, 30.000000, 1.946813, 7104
1, 30.000000, 1.946813, 7109
1, 30.000000, 1.946813, 7114
1, 30.000000, 1.946813, 7118
1, 30.000000, 1.946813, 7123
1, 30.000000, 1.946813, 7128
1, 30.000000, 1.946813, 7133
1, 30.000000, 1.946813, 7137
1, 30.000000, 1.946813, 7142
1, 30.000000, 1.946813, 7147
1, 30.000000, 1.946813, 7152
1, 30.000000, 1.946813, 7156
1, 30.000000, 1.946813, 7161
1, 30.000000, 1.946813, 7166
1, 30.000000, 1.946813, 7171
1, 30.000000, 1.946813, 7175
1, 30.000000, 1.946813, 7180
1, 30.000000, 1.946813, 7185
1, 30.000000, 1.946813, 7189
1, 30.000000, 1.946813, 7194
1, 30.000000, 1.946813, 7199
1, 30.000000, 1.946813, 7204
1, 30.000000, 1.946813, 7208
1, 30.000000, 1.946813, 7213
1, 30.000000, 1.946813, 7218
1, 30.000000, 1.946813, 7223
1, 30.000000, 1.946813, 7227
1, 30.000000, 1.946813, 7232
1, 30.000000, 1.946813, 7237
1, 30.000000, 1.946813, 7242
1, 30.000000, 1.946813, 7246
1, 30.000000, 1.946813, 7251
1, 30.000000, 1.946813, 7256
1, 30.000000, 1.946813, 7261
1, 30.000000, 1.946813, 7265
1, 30.000000, 1.946813, 7270
1, 30.000000, 1.946813, 7275
1, 30.000000, 1.946813, 7280
1, 30.000000, 1.946813, 7284
1, 30.000000, 1.946813, 7289
1, 30.000000, 1.946813, 7294
1, 30.000000, 1.946813, 7299
1, 30.000000, 1.946813, 7303
1, 30.000000, 1.946813, 7308
1, 30.000000, 1.946813, 7313
1, 30.000000, 1.946813, 7317
1, 30.000000, 1.946813, 7322
1, 30.000000, 1.946813, 7327
1, 30.000000, 1.946813, 7332
1, 30.000000, 1.946813, 7336
1, 30.000000, 1.946813, 7341
1, 30.000000, 1.946813, 7346
1, 30.000000, 1.946813, 7351
1, 30.000000, 1.946813, 7355
1, 30.000000, 1.946813, 7360
1, 30.000000, 1.946813, 7365
1, 30.000000, 1.946813, 7370
1, 30.000000, 1.946813, 7374
1, 30.000000, 1.946813, 7379
1, 30.000000, 1.946813, 7384
1, 30.000000, 1.946813, 7389
1, 30.000000, 1.946813, 7393
1, 30.000000, 1.946813, 7398
1, 30.000000, 1.946813, 7403
1, 30.000000, 1.946813, 7408
1, 30.000000, 1.946813, 7412
1, 30.000000, 1.946813, 7417
1, 30.000000, 1.946813, 7422
1, 30.000000, 1.946813, 7427
1, 30.000000, 1.946813, 7431
1, 30.000000, 1.946813, 7436
1, 30.000000, 1.946813, 7441
1, 30.000000, 1.946813, 7445
1, 30.000000, 1.946813, 7450
1, 30.000000, 1.946813, 7455
1, 30.000000, 1.946813, 7460
1, 30.000000, 1.946813, 7464
1, 30.000000, 1.946813, 7469
1, 30.000000, 1.946813, 7474
1, 30.000000, 1.946813, 7479
1, 30.000000, 1.946813, 7483
1, 30.000000, 1.946813, 7488
1, 30.000000, 1.946813, 7493
1, 30.000000, 1.946813, 7498
1, 30.000000, 1.946813, 7502
1, 30.000000, 1.946813, 7507
1, 30.000000, 1.946813, 7512
1, 30.000000, 1.946813, 7517
1, 30.000000, 1.946813, 7521
1, 30.000000, 1.946813, 7526
1, 30.000000, 1.946813, 7531
1, 30.000000, 1.946813, 7536
1, 30.000000, 1.946813, 7540
1, 30.000000, 1.946813, 7545
1, 30.000000, 1.946813, 7550
1, 30.000000, 1.946813, 7555
1, 30.000000, 1.946813, 7559
1, 30.000000, 1.946813, 7564
1, 30.000000, 1.946813, 7569
1, 30.000000, 1.946813, 7574
1, 30.000000, 1.946813, 7578
1, 30.000000, 1.946813, 7583
1, 30.000000, 1.946813, 7588
1, 30.000000, 1.946813, 7593
1, 30.000000, 1.946813, 7597
1, 30.000000, 1.946813, 7602
1, 30.000000, 1.946813, 7607
1, 30.000000, 1.946813, 7612
1, 30.000000, 1.946813, 7616
1, 30.000000, 1.946813, 7621
1, 30.000000, 1.946813, 7626
1, 30.000000, 1.946813, 7631
1, 30.000000, 1.946813, 7635
1, 30.000000, 1.946813, 7640
1, 30.000000, 1.946813, 7645
1, 30.000000, 1.946813, 7649
1, 30.000000, 1.946813, 7654
1, 30.000000, 1.946813, 7659
1, 30.000000, 1.946813, 7664
1, 30.000000, 1.946813, 7668
1, 30.000000, 1.946813, 7673
1, 30.000000, 1.946813, 7678
1, 30.000000, 1.946813, 7683
1, 30.000000, 1.946813, 7687
1, 30.000000, 1.946813, 7692
1, 30.000000, 1.946813, 7697
1, 30.000000, 1.946813, 7702
1, 30.000000, 1.946813, 7706
1, 30.000000, 1.946813, 7711
1, 30.000000, 1.946813, 7716
1, 30.000000, 1.946813, 7721
1, 30.000000, 1.946813, 7725
1, 30.000000, 1.946813, 7730
1, 30.000000, 1.946813, 7735
1, 30.000000, 1.946813, 7740
1, 30.000000, 1.946813, 7744
1, 30.000000, 1.946813, 7749
1, 30.000000, 1.946813, 7754
1, 30.000000, 1.946813, 7759
1, 30.000000, 1.946813, 7763
1, 30.000000, 1.946813, 7768
1, 30.000000, 1.946813, 7773
1, 30.000000, 1.946813, 7777
1, 30.000000, 1.946813, 7782
1, 30.000000, 1.946813, 7787
1, 30.000000, 1.946813, 7792
1, 30.000000, 1.946813, 7796
1, 30.000000, 1.946813, 7801
1, 30.000000, 1.946813, 7806
1, 30.000000, 1.946813, 7811
1, 30.000000, 1.946813, 7815
1, 30.000000, 1.946813, 7820
1, 30.000000, 1.946813, 7825
1, 30.000000, 1.946813, 7830
1, 30.000000, 1.946813, 7834
1, 30.000000, 1.946813, 7839
1, 30.000000, 1.946813, 7844
1, 30.000000, 1.946813, 7849
1, 30.000000, 1.946813, 7853
1, 30.000000, 1.946813, 7858
1, 30.000000, 1.946813, 7863
1, 30.000000, 1.946813, 7868
1, 30.000000, 1.946813, 7872
1, 30.000000, 1.946813, 7877
1, 30.000000, 1.946813, 7882
1, 30.000000, 1.946813, 7887
1, 30.000000, 1.946813, 7891
1, 30.000000, 1.946813, 7896
1, 30.000000, 1.946813, 7901
1, 30.000000, 1.946813, 7906
1, 30.000000, 1.946813, 7910
1, 30.000000, 1.946813, 7915
1, 30.000000, 1.946813, 7920
1, 30.000000, 1.946813, 7924
1, 30.000000, 1.946813, 7929
1, 30.000000, 1.946813, 7934
1, 30.000000, 1.946813, 7939
1, 30.000000, 1.946813, 7943
1, 30.000000, 1.946813, 7948
1, 30.000000, 1.946813, 7953
1, 30.000000, 1.946813, 7958
1, 30.000000, 1.946813, 7962
1, 30.000000, 1.946813, 7967
1, 30.000000, 1.946813, 7972
1, 30.000000, 1.946813, 7977
1, 30.000000, 1.946813, 7981
1, 30.000000, 1.946813, 7986
1, 30.000000, 1.946813, 7991
1, 30.000000, 1.946813, 7996
1, 30.000000, 1.946813, 8000
1, 30.000000, 1.946813, 8005
1, 30.000000, 1.946813, 8010
1, 30.000000, 1.946813, 8015
1, 30.000000, 1.946813, 8019
1, 30.000000, 1.946813, 8024
1, 30.000000, 1.946813, 8029
1, 30.000000, 1.946813, 8034
1, 30.000000, 1.946813, 8038
1, 30.000000, 1.946813, 8043
1, 30.000000, 1.946813, 8048
1, 30.000000, 1.946813, 8052
1, 30.000000, 1.946813, 8057
1, 30.000000, 1.946813, 8062
1, 30.000000, 1.946813, 8067
1, 30.000000, 1.946813, 8071
1, 30.000000, 1.946813, 8076
1, 30.000000, 1.946813, 8081
1, 30.000000, 1.946813, 8086
1, 30.000000, 1.946813, 8090
1, 30.000000, 1.946813, 8095
1, 30.000000, 1.946813, 8100
1, 30.000000, 1.946813, 8105
1, 30.000000, 1.946813, 8109
1, 30.000000, 1.946813, 8114
1, 30.000000, 1.946813, 8119
1, 30.000000, 1.946813, 8124
1, 30.000000, 1.946813, 8128
1, 30.000000, 1.946813, 8133
1, 30.000000, 1.946813, 8138
1, 30.000000, 1.946813, 8143
1, 30.000000, 1.946813, 8147
1, 30.000000, 1.946813, 8152
1, 30.000000, 1.946813, 8157
1, 30.000000, 1.946813, 8162
1, 30.000000, 1.946813, 8166
1, 30.000000, 1.946813, 8171
1, 30.000000, 1.946813, 8176
1, 30.000000, 1.946813, 8180
1, 30.000000, 1.946813, 8185
1, 30.000000, 1.946813, 8190
1, 30.000000, 1.946813, 8195
1, 30.000000, 1.946813, 8199
1, 30.000000, 1.946813, 8204
1, 30.000000, 1.946813, 8209
1, 30.000000, 1.946813, 8214
1, 30.000000, 1.946813, 8218
1, 30.000000, 1.946813, 8223
1, 30.000000, 1.946813, 8228
1, 30.000000, 1.946813, 8233
1, 30.000000, 1.946813, 8237
1, 30.000000, 1.946813, 8242
1, 30.000000, 1.946813, 8247
1, 30.000000, 1.946813, 8252
1, 30.000000, 1.946813, 8256
1, 30.000000, 1.946813, 8261
1, 30.000000, 1.946813, 8266
1, 30.000000, 1.946813, 8271
1, 30.000000, 1.946813, 8275
1, 30.000000, 1.946813, 8280
1, 30.000000, 1.946813, 8285
1, 30.000000, 1.946813, 8290
1, 30.000000, 1.946813, 8294
1, 30.000000, 1.946813, 8299
1, 30.000000, 1.946813, 8304
1, 30.000000, 1.946813, 8309
1, 30.000000, 1.946813, 8313
1, 30.000000, 1.946813, 8318
1, 30.000000, 1.946813, 8323
1, 30.000000, 1.946813, 8328
1, 30.000000, 1.946813, 8332
1, 30.000000, 1.946813, 8337
1, 30.000000, 1.946813, 8342
1, 30.000000, 1.946813, 8347
1, 30.000000, 1.946813, 8351
1, 30.000000, 1.946813, 8356
1, 30.000000, 1.946813, 8361
1, 30.000000, 1.946813, 8366
1, 30.000000, 1.946813, 8370
1, 30.000000, 1.946813, 8375
1, 30.000000, 1.946813, 8380
1, 30.000000, 1.946813, 8384
1, 30.000000, 1.946813, 8389
1, 30.000000, 1.946813, 8394
1, 30.000000, 1.946813, 8399
1, 30.000000, 1.946813, 8403
1, 30.000000, 1.946813, 8408
1, 30.000000, 1.946813, 8413
1, 30.000000, 1.946813, 8418
1, 30.000000, 1.946813, 8422
1, 30.000000, 1.946813, 8427
1, 30.000000, 1.946813, 8432
1, 30.000000, 1.946813, 8437
1, 30.000000, 1.946813, 8441
1, 30.000000, 1.946813, 8446
1, 30.000000, 1.946813, 8451
1, 30.000000, 1.946813, 8456
1, 30.000000, 1.946813, 8460
1, 30.000000, 1.946813, 8465
1, 30.000000, 1.946813, 8470
1, 30.000000, 1.946813, 8475
1, 30.000000, 1.946813, 8479
1, 30.000000, 1.946813, 8484
1, 30.000000, 1.946813, 8489
1, 30.000000, 1.946813, 8494
1, 30.000000, 1.946813, 8498
1, 30.000000, 1.946813, 8503
1, 30.000000, 1.946813, 8508
1, 30.000000, 1.946813, 8512
1, 30.000000, 1.946813, 8517
1, 30.000000, 1.946813, 8522
1, 30.000000, 1.946813, 8527
1, 30.000000, 1.946813, 8531
1, 30.000000, 1.946813, 8536
1, 30.000000, 1.946813, 8541
1, 30.000000, 1.946813, 8546
1, 30.000000, 1.946813, 8550
1, 30.000000, 1.946813, 8555
1, 30.000000, 1.946813, 8560
1, 30.000000, 1.946813, 8565
1, 30.000000, 1.946813, 8569
1, 30.000000, 1.946813, 8574
1, 30.000000, 1.946813, 8579
1, 30.000000, 1.946813, 8584
1, 30.000000, 1.946813, 8588
1, 30.000000, 1.946813, 8593
1, 30.000000, 1.946813, 8598
1, 30.000000, 1.946813, 8603
1, 30.000000, 1.946813, 8607
1, 30.000000, 1.946813, 8612
1, 30.000000, 1.946813, 8617
1, 30.000000, 1.946813, 8622
1, 30.000000, 1.946813, 8626
1, 30.000000, 1.946813, 8631
1, 30.000000, 1.946813, 8636
1, 30.000000, 1.946813, 8641
1, 30.000000, 1.946813, 8645
1, 30.000000, 1.946813, 8650
1, 30.000000, 1.946813, 8655
1, 30.000000, 1.946813, 8659
1, 30.000000, 1.946813, 8664
1, 30.000000, 1.946813, 8669
1, 30.000000, 1.946813, 8674
1, 30.000000, 1.946813, 8678
1, 30.000000, 1.946813, 8683
1, 30.000000, 1.946813, 8688
1, 30.000000, 1.946813, 8693
1, 30.000000, 1.946813, 8697
1, 30.000000, 1.946813, 8702
1, 30.000000, 1.946813, 8707
1, 30.000000, 1.946813, 8712
1, 30.000000, 1.946813, 8716
1, 30.000000, 1.946813, 8721
1, 30.000000, 1.946813, 8726
1, 30.000000, 1.946813, 8731
1, 30.000000, 1.946813, 8735
1, 30.000000, 1.946813, 8740
1, 30.000000, 1.946813, 8745
1, 30.000000, 1.946813, 8750
1, 30.000000, 1.946813, 8754
1, 30.000000, 1.946813, 8759
1, 30.000000, 1.946813, 8764
1, 30.000000, 1.946813, 8769
1, 30.000000, 1.946813, 8773
1, 30.000000, 1.946813, 8778
1, 30.000000, 1.946813, 8783
1, 30.000000, 1.946813, 8787
1, 30.000000, 1.946813, 8792
1, 30.000000, 1.946813, 8797
1, 30.000000, 1.946813, 8802
1, 30.000000, 1.946813, 8806
1, 30.000000, 1.946813, 8811
1, 30.000000, 1.946813, 8816
1, 30.000000, 1.946813, 8821
1, 30.000000, 1.946813, 8825
1, 30.000000, 1.946813, 8830
1, 30.000000, 1.946813, 8835
1, 30.000000, 1.946813, 8840
1, 30.000000, 1.946813, 8844
1, 30.000000, 1.946813, 8849
1, 30.000000, 1.946813, 8854
1, 30.000000, 1.946813, 8859
1, 30.000000, 1.946813, 8863
1, 30.000000, 1.946813, 8868
1, 30.000000, 1.946813, 8873
1, 30.000000, 1.946813, 8878
1, 30.000000, 1.946813, 8882
1, 30.000000, 1.946813, 8887
1, 30.000000, 1.946813, 8892
1, 30.000000, 1.946813, 8897
1, 30.000000, 1.946813, 8901
1, 30.000000, 1.946813, 8906
1, 30.000000, 1.946813, 8911
1, 30.000000, 1.946813, 8915
1, 30.000000, 1.946813, 8920
1, 30.000000, 1.946813, 8925
1, 30.000000, 1.946813, 8930
1, 30.000000, 1.946813, 8934
1, 30.000000, 1.946813, 8939
1, 30.000000, 1.946813, 8944
1, 30.000000, 1.946813, 8949
1, 30.000000, 1.946813, 8953
1, 30.000000, 1.946813, 8958
1, 30.000000, 1.946813, 8963
1, 30.000000, 1.946813, 8968
1, 30.000000, 1.946813, 8972
1, 30.000000, 1.946813, 8977
1, 30.000000, 1.946813, 8982
1, 30.000000, 1.946813, 8987
1, 30.000000, 1.946813, 8991
1, 30.000000, 1.946813, 8996
1, 30.000000, 1.946813, 9001
1, 30.000000, 1.946813, 9006
1, 30.000000, 1.946813, 9010
1, 30.000000, 1.946813, 9015
1, 30.000000, 1.946813, 9020
1, 30.000000, 1.946813, 9025
1, 30.000000, 1.946813, 9029
1, 30.000000, 1.946813, 9034
1, 30.000000, 1.946813, 9039
1, 30.000000, 1.946813, 9044
1, 30.000000, 1.946813, 9048
1, 30.000000, 1.946813, 9053
1, 30.000000, 1.946813, 9058
1, 30.000000, 1.946813, 9063
1, 30.000000, 1.946813, 9067
1, 30.000000, 1.946813, 9072
1, 30.000000, 1.946813, 9077
1, 30.000000, 1.946813, 9082
1, 30.000000, 1.946813, 9086
1, 30.000000, 1.946813, 9091
1, 30.000000, 1.946813, 9096
1, 30.000000, 1.946813, 9101
1, 30.000000, 1.946813, 9105
1, 30.000000, 1.946813, 9110
1, 30.000000, 1.946813, 9115
1, 30.000000, 1.946813, 9119
1, 30.000000, 1.946813, 9124
1, 30.000000, 1.946813, 9129
1, 30.000000, 1.946813, 9134
1, 30.000000, 1.946813, 9138
1, 30.000000, 1.946813, 9143
1, 30.000000, 1.946813, 9148
1, 30.000000, 1.946813, 9153
1, 30.000000, 1.946813, 9157
1, 30.000000, 1.946813, 9162
1, 30.000000, 1.946813, 9167
1, 30.000000, 1.946813, 9172
1, 30.000000, 1.946813, 9176
1, 30.000000, 1.946813, 9181
1, 30.000000, 1.946813, 9186
1, 30.000000, 1.946813, 9191
1, 30.000000, 1.946813, 9195
1, 30.000000, 1.946813, 9200
1, 30.000000, 1.946813, 9205
1, 30.000000, 1.946813, 9210
1, 30.000000, 1.946813, 9214
1, 30.000000, 1.946813, 9219
1, 30.000000, 1.946813, 9224
1, 30.000000, 1.946813, 9229
1, 30.000000, 1.946813, 9233
1, 30.000000, 1.946813, 9238
1, 30.000000, 1.946813, 9243
1, 30.000000, 1.946813, 9248
1, 30.000000, 1.946813, 9252
1, 30.000000, 1.946813, 9257
1, 30.000000, 1.946813, 9262
1, 30.000000, 1.946813, 9266
1, 30.000000, 1.946813, 9271
1, 30.000000, 1.946813, 9276
1, 30.000000, 1.946813, 9281
1, 30.000000, 1.946813, 9285
1, 30.000000, 1.946813, 9290
1, 30.000000, 1.946813, 9295
1, 30.000000, 1.946813, 9300
1, 30.000000, 1.946813, 9304
1, 30.000000, 1.946813, 9309
1, 30.000000, 1.946813, 9314
1, 30.000000, 1.946813, 9319
1, 30.000000, 1.946813, 9323
1, 30.000000, 1.946813, 9328
1, 30.000000, 1.946813, 9333
1, 30.000000, 1.946813, 9338
1, 30.000000, 1.946813, 9342
1, 30.000000, 1.946813, 9347
1, 30.000000, 1.946813, 9352
1, 30.000000, 1.946813, 9357
1, 30.000000, 1.946813, 9361
1, 30.000000, 1.946813, 9366
1, 30.000000, 1.946813, 9371
1, 30.000000, 1.946813, 9376
1, 30.000000, 1.946813, 9380
1, 30.000000, 1.946813, 9385
1, 30.000000, 1.946813, 9390
1, 30.000000, 1.946813, 9394
1, 30.000000, 1.946813, 9399
1, 30.000000, 1.946813, 9404
1, 30.000000, 1.946813, 9409
1, 30.000000, 1.946813, 9413
1, 30.000000, 1.946813, 9418
1, 30.000000, 1.946813, 9423
1, 30.000000, 1.946813, 9428
1, 30.000000, 1.946813, 9432
1, 30.000000, 1.946813, 9437
1, 30.000000, 1.946813, 9442
1, 30.000000, 1.946813, 9447
1, 30.000000, 1.946813, 9451
1, 30.000000, 1.946813, 9456
1, 30.000000, 1.946813, 9461
1, 30.000000, 1.946813, 9466
1, 30.000000, 1.946813, 9470
1, 30.000000, 1.946813, 9475
1, 30.000000, 1.946813, 9480
1, 30.000000, 1.946813, 9485
1, 30.000000, 1.946813, 9489
1, 30.000000, 1.946813, 9494
1, 30.000000, 1.946813, 9499
1, 30.000000, 1.946813, 9504
1, 30.000000, 1.946813, 9508
1, 30.000000, 1.946813, 9513
1, 30.000000, 1.946813, 9518
1, 30.000000, 1.946813, 9522
1, 30.000000, 1.946813, 9527
1, 30.000000, 1.946813, 9532
1, 30.000000, 1.946813, 9537
1, 30.000000, 1.946813, 9541
1, 30.000000, 1.946813, 9546
1, 30.000000, 1.946813, 9551
1, 30.000000, 1.946813, 9556
1, 30.000000, 1.946813, 9560
1, 30.000000, 1.946813, 9565
1, 30.000000, 1.946813, 9570
1, 30.000000, 1.946813, 9575
1, 30.000000, 1.946813, 9579
1, 30.000000, 1.946813, 9584
1, 30.000000, 1.946813, 9589
1, 30.000000, 1.946813, 9594
1, 30.000000, 1.946813, 9598
1, 30.000000, 1.946813, 9603
1, 30.000000, 1.946813, 9608
1, 30.000000, 1.946813, 9613
1, 30.000000, 1.946813, 9617
1, 30.000000, 1.946813, 9622
1, 30.000000, 1.946813, 9627
1, 30.000000, 1.946813, 9632
1, 30.000000, 1.946813, 9636
1, 30.000000, 1.946813, 9641
1, 30.000000, 1.946813, 9646
1, 30.000000, 1.946813, 9650
1, 30.000000, 1.946813, 9655
1, 30.000000, 1.946813, 9660
1, 30.000000, 1.946813, 9665
1, 30.000000, 1.946813, 9669
1, 30.000000, 1.946813, 9674
1, 30.000000, 1.946813, 9679
1, 30.000000, 1.946813, 9684
1, 30.000000, 1.946813, 9688
1, 30.000000, 1.946813, 9693
1, 30.000000, 1.946813, 9698
1, 30.000000, 1.946813, 9703
1, 30.000000, 1.946813, 9707
1, 30.000000, 1.946813, 9712
1, 30.000000, 1.946813, 9717
1, 30.000000, 1.946813, 9722
1, 30.000000, 1.946813, 9726
1, 30.000000, 1.946813, 9731
1, 30.000000, 1.946813, 9736
1, 30.000000, 1.946813, 9741
1, 30.000000, 1.946813, 9745
1, 30.000000, 1.946813, 9750
1, 30.000000, 1.946813, 9755
1, 30.000000, 1.946813, 9760
1, 30.000000, 1.946813, 9764
1, 30.000000, 1.946813, 9769
1, 30.000000, 1.946813, 9774
1, 30.000000, 1.946813, 9779
1, 30.000000, 1.946813, 9783
1, 30.000000, 1.946813, 9788
1, 30.000000, 1.946813, 9793
1, 30.000000, 1.946813, 9798
1, 30.000000, 1.946813, 9802
1, 30.000000, 1.946813, 9807
1, 30.000000, 1.946813, 9812
1, 30.000000, 1.946813, 9817
1, 30.000000, 1.946813, 9821
1, 30.000000, 1.946813, 9826
1, 30.000000, 1.946813, 9831
1, 30.000000, 1.946813, 9836
1, 30.000000, 1.946813, 9840
1, 30.000000, 1.946813, 9845
1, 30.000000, 1.946813, 9850
1, 30.000000, 1.946813, 9854
1, 30.000000, 1.946813, 9859
1, 30.000000, 1.946813, 9864
1, 30.000000, 1.946813, 9869
1, 30.000000, 1.946813, 9873
1, 30.000000, 1.946813, 9878
1, 30.000000, 1.946813, 9883
1, 30.000000, 1.946813, 9888
1, 30.000000, 1.946813, 9892
1, 30.000000, 1.946813, 9897
1, 30.000000, 1.946813, 9902
1, 30.000000, 1.946813, 9907
1, 30.000000, 1.946813, 9911
1, 30.000000, 1.946813, 9916
1, 30.000000, 1.946813, 9921
1, 30.000000, 1.946813, 9926
1, 30.000000, 1.946813, 9930
1, 30.000000, 1.946813, 9935
1, 30.000000, 1.946813, 9940
1, 30.000000, 1.946813, 9945
1, 30.000000, 1.946813, 9949
1, 30.000000, 1.946813, 9954
1, 30.000000, 1.946813, 9959
1, 30.000000, 1.946813, 9964
1, 30.000000, 1.946813, 9968
1, 30.000000, 1.946813, 9973
1, 30.000000, 1.946813, 9978
1, 30.000000, 1.946813, 9982
1, 30.000000, 1.946813, 9987
1, 30.000000, 1.946813, 9992
1, 30.000000, 1.946813, 9997
1, 30.000000, 1.946813, 10001
1, 30.000000, 1.946813, 10006
1, 30.000000, 1.946813, 10011
1, 30.000000, 1.946813, 10016
1, 30.000000, 1.946813, 10020
1, 30.000000, 1.946813, 10025
1, 30.000000, 1.946813, 10030
1, 30.000000, 1.946813, 10035
1, 30.000000, 1.946813, 10039
1, 30.000000, 1.946813, 10044
1, 30.000000, 1.946813, 10049
1, 30.000000, 1.946813, 10054
1, 30.000000, 1.946813, 10058
1, 30.000000, 1.946813, 10063
1, 30.000000, 1.946813, 10068
1, 30.000000, 1.946813, 10073
1, 30.000000, 1.946813, 10077
1, 30.000000, 1.946813, 10082
1, 30.000000, 1.946813, 10087
1, 30.000000, 1.946813, 10092
1, 30.000000, 1.946813, 10096
1, 30.000000, 1.946813, 10101
1, 30.000000, 1.946813, 10106
1, 30.000000, 1.946813, 10111
1, 30.000000, 1.946813, 10115
1, 30.000000, 1.946813, 10120
1, 30.000000, 1.946813, 10125
1, 30.000000, 1.946813, 10130
1, 30.000000, 1.946813, 10134
1, 30.000000, 1.946813, 10139
1, 30.000000, 1.946813, 10144
1, 30.000000, 1.946813, 10148
1, 30.000000, 1.946813, 10153
1, 30.000000, 1.946813, 10158
1, 30.000000, 1.946813, 10163
1, 30.000000, 1.946813, 10167
1, 30.000000, 1.946813, 10172
1, 30.000000, 1.946813, 10177
1, 30.000000, 1.946813, 10182
1, 30.000000, 1.946813, 10186
1, 30.000000, 1.946813, 10191
1, 30.000000, 1.946813, 10196
1, 30.000000, 1.946813, 10201
1, 30.000000, 1.946813, 10205
1, 30.000000, 1.946813, 10210
1, 30.000000, 1.946813, 10215
1, 30.000000, 1.946813, 10220
1, 30.000000, 1.946813, 10224
1, 30.000000, 1.946813, 10229
1, 30.000000, 1.946813, 10234
1, 30.000000, 1.946813, 10239
1, 30.000000, 1.946813, 10243
1, 30.000000, 1.946813, 10248
1, 30.000000, 1.946813, 10253
1, 30.000000, 1.946813, 10258
1, 30.000000, 1.946813, 10262
1, 30.000000, 1.946813, 10267
1, 30.000000, 1.946813, 10272
1, 30.000000, 1.946813, 10277
1, 30.000000, 1.946813, 10281
1, 30.000000, 1.946813, 10286
1, 30.000000, 1.946813, 10291
1, 30.000000, 1.946813, 10296
1, 30.000000, 1.946813, 10300
1, 30.000000, 1.946813, 10305
1, 30.000000, 1.946813, 10310
1, 30.000000, 1.946813, 10314
1, 30.000000, 1.946813, 10319
1, 30.000000, 1.946813, 10324
1, 30.000000, 1.946813, 10329
1, 30.000000, 1.946813, 10333
1, 30.000000, 1.946813, 10338
1, 30.000000, 1.946813, 10343
1, 30.000000, 1.946813, 10348
1, 30.000000, 1.946813, 10352
1, 30.000000, 1.946813, 10357
1, 30.000000, 1.946813, 10362
1, 30.000000, 1.946813, 10367
1, 30.000000, 1.946813, 10371
1, 30.000000, 1.946813, 10376
1, 30.000000, 1.946813, 10381
1, 30.000000, 1.946813, 10386
1, 30.000000, 1.946813, 10390
1, 30.000000, 1.946813, 10395
1, 30.000000, 1.946813, 10400
1, 30.000000, 1.946813, 10405
1, 30.000000, 1.946813, 10409
1, 30.000000, 1.946813, 10414
1, 30.000000, 1.946813, 10419
1, 30.000000, 1.946813, 10424
1, 30.000000, 1.946813, 10428
1, 30.000000, 1.946813, 10433
1, 30.000000, 1.946813, 10438
1, 30.000000, 1.946813, 10443
1, 30.000000, 1.946813, 10447
1, 30.000000, 1.946813, 10452
1, 30.000000, 1.946813, 10457
1, 30.000000, 1.946813, 10462
1, 30.000000, 1.946813, 10466
1, 30.000000, 1.946813, 10471
1, 30.000000, 1.946813, 10476
1, 30.000000, 1.946813, 10480
1, 30.000000, 1.946813, 10485
1, 30.000000, 1.946813, 10490
1, 30.000000, 1.946813, 10495
1, 30.000000, 1.946813, 10499
1, 30.000000, 1.946813, 10504
1, 30.000000, 1.946813, 10509
1, 30.000000, 1.946813, 10514
1, 30.000000, 1.946813, 10518
1, 30.000000, 1.946813, 10523
1, 30.000000, 1.946813, 10528
1, 30.000000, 1.946813, 10533
1, 30.000000, 1.946813, 10537
1, 30.000000, 1.946813, 10542
1, 30.000000, 1.946813, 10547
1, 30.000000, 1.946813, 10552
1, 30.000000, 1.946813, 10556
1, 30.000000, 1.946813, 10561
1, 30.000000, 1.946813, 10566
1, 30.000000, 1.946813, 10571
1, 30.000000, 1.946813, 10575
1, 30.000000, 1.946813, 10580
1, 30.000000, 1.946813, 10585
1, 30.000000, 1.946813, 10590
1, 30.000000, 1.946813, 10594
1, 30.000000, 1.946813, 10599
1, 30.000000, 1.946813, 10604
1, 30.000000, 1.946813, 10609
1, 30.000000, 1.946813, 10613
1, 30.000000, 1.946813, 10618
1, 30.000000, 1.946813, 10623
1, 30.000000, 1.946813, 10628
1, 30.000000, 1.946813, 10632
1, 30.000000, 1.946813, 10637
1, 30.000000, 1.946813, 10642
1, 30.000000, 1.946813, 10647
1, 30.000000, 1.946813, 10651
1, 30.000000, 1.946813, 10656
1, 30.000000, 1.946813, 10661
1, 30.000000, 1.946813, 10666
1, 30.000000, 1.946813, 10670
1, 30.000000, 1.946813, 10675
1, 30.000000, 1.946813, 10680
1, 30.000000, 1.946813, 10684
1, 30.000000, 1.946813, 10689
1, 30.000000, 1.946813, 10694
1, 30.000000, 1.946813, 10699
1, 30.000000, 1.946813, 10703
1, 30.000000, 1.946813, 10708
1, 30.000000, 1.946813, 10713
1, 30.000000, 1.946813, 10718
1, 30.000000, 1.946813, 10722
1, 30.000000, 1.946813, 10727
1, 30.000000, 1.946813, 10732
1, 30.000000, 1.946813, 10737
1, 30.000000, 1.946813, 10741
1, 30.000000, 1.946813, 10746
1, 30.000000, 1.946813, 10751
1, 30.000000, 1.946813, 10756
1, 30.000000, 1.946813, 10760
1, 30.000000, 1.946813, 10765
1, 30.000000, 1.946813, 10770
1, 30.000000, 1.946813, 10775
1, 30.000000, 1.946813, 10779
1, 30.000000, 1.946813, 10784
1, 30.000000, 1.946813, 10789
1, 30.000000, 1.946813, 10794
1, 30.000000, 1.946813, 10798
1, 30.000000, 1.946813, 10803
1, 30.000000, 1.946813, 10808
1, 30.000000, 1.946813, 10813
1, 30.000000, 1.946813, 10817
1, 30.000000, 1.946813, 10822
1, 30.000000, 1.946813, 10827
1, 30.000000, 1.946813, 10831
1, 30.000000, 1.946813, 10836
1, 30.000000, 1.946813, 10841
1, 30.000000, 1.946813, 10846
1, 30.000000, 1.946813, 10850
1, 30.000000, 1.946813, 10855
1, 30.000000, 1.946813, 10860
1, 30.000000, 1.946813, 10865
1, 30.000000, 1.946813, 10869
1, 30.000000, 1.946813, 10874
1, 30.000000, 1.946813, 10879
1, 30.000000, 1.946813, 10884
1, 30.000000, 1.946813, 10888
1, 30.000000, 1.946813, 10893
1, 30.000000, 1.946813, 10898
1, 30.000000, 1.946813, 10903
1, 30.000000, 1.946813, 10907
1, 30.000000, 1.946813, 10912
1, 30.000000, 1.946813, 10917
1, 30.000000, 1.946813, 10922
1, 30.000000, 1.946813, 10926
1, 30.000000, 1.946813, 10931
1, 30.000000, 1.946813, 10936
1, 30.000000, 1.946813, 10941
1, 30.000000, 1.946813, 10945
1, 30.000000, 1.946813, 10950
1, 30.000000, 1.946813, 10955
1, 30.000000, 1.946813, 10960
1, 30.000000, 1.946813, 10964
1, 30.000000, 1.946813, 10969
1, 30.000000, 1.946813, 10974
1, 30.000000, 1.946813, 10979
1, 30.000000, 1.946813, 10983
1, 30.000000, 1.946813, 10988
1, 30.000000, 1.946813, 10993
1, 30.000000, 1.946813, 10997
1, 30.000000, 1.946813, 11002
1, 30.000000, 1.946813, 11007
1, 30.000000, 1.946813, 11012
1, 30.000000, 1.946813, 11016
1, 30.000000, 1.946813, 11021
1, 30.000000, 1.946813, 11026
1, 30.000000, 1.946813, 11031
1, 30.000000, 1.946813, 11035
1, 30.000000, 1.946813, 11040
1, 30.000000, 1.946813, 11045
1, 30.000000, 1.946813, 11050
1, 30.000000, 1.946813, 11054
1, 30.000000, 1.946813, 11059
1, 30.000000, 1.946813, 11064
1, 30.000000, 1.946813, 11069
1, 30.000000, 1.946813, 11073
1, 30.000000, 1.946813, 11078
1, 30.000000, 1.946813, 11083
1, 30.000000, 1.946813, 11088
1, 30.000000, 1.946813, 11092
1, 30.000000, 1.946813, 11097
1, 30.000000, 1.946813, 11102
1, 30.000000, 1.946813, 11107
1, 30.000000, 1.946813, 11111
1, 30.000000, 1.946813, 11116
1, 30.000000, 1.946813, 11121
1, 30.000000, 1.946813, 11126
1, 30.000000, 1.946813, 11130
1, 30.000000, 1.946813, 11135
1, 30.000000, 1.946813, 11140
1, 30.000000, 1.946813, 11145
1, 30.000000, 1.946813, 11149
1, 30.000000, 1.946813, 11154
1, 30.000000, 1.946813, 11159
1, 30.000000, 1.946813, 11163
1, 30.000000, 1.946813, 11168
1, 30.000000, 1.946813, 11173
1, 30.000000, 1.946813, 11178
1, 30.000000, 1.946813, 11182
1, 30.000000, 1.946813, 11187
1, 30.000000, 1.946813, 11192
1, 30.000000, 1.946813, 11197
1, 30.000000, 1.946813, 11201
1, 30.000000, 1.946813, 11206
1, 30.000000, 1.946813, 11211
1, 30.000000, 1.946813, 11216
1, 30.000000, 1.946813, 11220
1, 30.000000, 1.946813, 11225
1, 30.000000, 1.946813, 11230
1, 30.000000, 1.946813, 11235
1, 30.000000, 1.946813, 11239
1, 30.000000, 1.946813, 11244
1, 30.000000, 1.946813, 11249
1, 30.000000, 1.946813, 11254
1, 30.000000, 1.946813, 11258
1, 30.000000, 1.946813, 11263
1, 30.000000, 1.946813, 11268
1, 30.000000, 1.946813, 11273
1, 30.000000, 1.946813, 11277
1, 30.000000, 1.946813, 11282
1, 30.000000, 1.946813, 11287
1, 30.000000, 1.946813, 11292
1, 30.000000, 1.946813, 11296
1, 30.000000, 1.946813, 11301
1, 30.000000, 1.946813, 11306
1, 30.000000, 1.946813, 11311
1, 30.000000, 1.946813, 11315
1, 30.000000, 1.946813, 11320
1, 30.000000, 1.946813, 11325
1, 30.000000, 1.946813, 11330
1, 30.000000, 1.946813, 11334
1, 30.000000, 1.946813, 11339
1, 30.000000, 1.946813, 11344
1, 30.000000, 1.946813, 11349
1, 30.000000, 1.946813, 11353
1, 30.000000, 1.946813, 11358
1, 30.000000, 1.946813, 11363
1, 30.000000, 1.946813, 11368
1, 30.000000, 1.946813, 11372
1, 30.000000, 1.946813, 11377
1, 30.000000, 1.946813, 11382
1, 30.000000, 1.946813, 11387
1, 30.000000, 1.946813, 11391
1, 30.000000, 1.946813, 11396
1, 30.000000, 1.946813, 11401
1, 30.000000, 1.946813, 11405
1, 30.000000, 1.946813, 11410
1, 30.000000, 1.946813, 11415
1, 30.000000, 1.946813, 11420
1, 30.000000, 1.946813, 11424
1, 30.000000, 1.946813, 11429
1, 30.000000, 1.946813, 11434
1, 30.000000, 1.946813, 11439
1, 30.000000, 1.946813, 11443
1, 30.000000, 1.946813, 11448
1, 30.000000, 1.946813, 11453
1, 30.000000, 1.946813, 11458
1, 30.000000, 1.946813, 11462
1, 30.000000, 1.946813, 11467
1, 30.000000, 1.946813, 11472
1, 30.000000, 1.946813, 11477
1, 30.000000, 1.946813, 11481
1, 30.000000, 1.946813, 11486
1, 30.000000, 1.946813, 11491
1, 30.000000, 1.946813, 11496
1, 30.000000, 1.946813, 11500
1, 30.000000, 1.946813, 11505
1, 30.000000, 1.946813, 11510
1, 30.000000, 1.946813, 11515
1, 30.000000, 1.946813, 11519
1, 30.000000, 1.946813, 11524
1, 30.000000, 1.946813, 11529
1, 30.000000, 1.946813, 11534
1, 30.000000, 1.946813, 11538
1, 30.000000, 1.946813, 11543
1, 30.000000, 1.946813, 11548
1, 30.000000, 1.946813, 11553
1, 30.000000, 1.946813, 11557
1, 30.000000, 1.946813, 11562
1, 30.000000, 1.946813, 11567
1, 30.000000, 1.946813, 11571
1, 30.000000, 1.946813, 11576
1, 30.000000, 1.946813, 11581
1, 30.000000, 1.946813, 11586
1, 30.000000, 1.946813, 11590
1, 30.000000, 1.946813, 11595
1, 30.000000, 1.946813, 11600
1, 30.000000, 1.946813, 11605
1, 30.000000, 1.946813, 11609
1, 30.000000, 1.946813, 11614
1, 30.000000, 1.946813, 11619
1, 30.000000, 1.946813, 11624
1, 30.000000, 1.946813, 11628
1, 30.000000, 1.946813, 11633
1, 30.000000, 1.946813, 11638
1, 30.000000, 1.946813, 11643
1, 30.000000, 1.946813, 11647
1, 30.000000, 1.946813, 11652
1, 30.000000, 1.946813, 11657
1, 30.000000, 1.946813, 11662
1, 30.000000, 1.946813, 11666
1, 30.000000, 1.946813, 11671
1, 30.000000, 1.946813, 11676
1, 30.000000, 1.946813, 11681
1, 30.000000, 1.946813, 11685
1, 30.000000, 1.946813, 11690
1, 30.000000, 1.946813, 11695
1, 30.000000, 1.946813, 11700
1, 30.000000, 1.946813, 11704
1, 30.000000, 1.946813, 11709
1, 30.000000, 1.946813, 11714
1, 30.000000, 1.946813, 11718
1, 30.000000, 1.946813, 11723
1, 30.000000, 1.946813, 11728
1, 30.000000, 1.946813, 11733
1, 30.000000, 1.946813, 11737
1, 30.000000, 1.946813, 11742
1, 30.000000, 1.946813, 11747
1, 30.000000, 1.946813, 11752
1, 30.000000, 1.946813, 11756
1, 30.000000, 1.946813, 11761
1, 30.000000, 1.946813, 11766
1, 30.000000, 1.946813, 11771
1, 30.000000, 1.946813, 11775
1, 30.000000, 1.946813, 11780
1, 30.000000, 1.946813, 11785
1, 30.000000, 1.946813, 11790
1, 30.000000, 1.946813, 11794
1, 30.000000, 1.946813, 11799
1, 30.000000, 1.946813, 11804
1, 30.000000, 1.946813, 11809
1, 30.000000, 1.946813, 11813
1, 30.000000, 1.946813, 11818
1, 30.000000, 1.946813, 11823
1, 30.000000, 1.946813, 11828
1, 30.000000, 1.946813, 11832
1, 30.000000, 1.946813, 11837
1, 30.000000, 1.946813, 11842
1, 30.000000, 1.946813, 11847
1, 30.000000, 1.946813, 11851
1, 30.000000, 1.946813, 11856
1, 30.000000, 1.946813, 11861
1, 30.000000, 1.946813, 11865
1, 30.000000, 1.946813, 11870
1, 30.000000, 1.946813, 11875
1, 30.000000, 1.946813, 11880
1, 30.000000, 1.946813, 11884
1, 30.000000, 1.946813, 11889
1, 30.000000, 1.946813, 11894
1, 30.000000, 1.946813, 11899
1, 30.000000, 1.946813, 11903
1, 30.000000, 1.946813, 11908
1, 30.000000, 1.946813, 11913
1, 30.000000, 1.946813, 11918
1, 30.000000, 1.946813, 11922
1, 30.000000, 1.946813, 11927
1, 30.000000, 1.946813, 11932
1, 30.000000, 1.946813, 11937
1, 30.000000, 1.946813, 11941
1, 30.000000, 1.946813, 11946
1, 30.000000, 1.946813, 11951
1, 30.000000, 1.946813, 11956
1, 30.000000, 1.946813, 11960
1, 30.000000, 1.946813, 11965
1, 30.000000, 1.946813, 11970
1, 30.000000, 1.946813, 11975
1, 30.000000, 1.946813, 11979
1, 30.000000, 1.946813, 11984
1, 30.000000, 1.946813, 11989
1, 30.000000, 1.946813, 11994
1, 30.000000, 1.946813, 11998
1, 30.000000, 1.946813, 12003
1, 30.000000, 1.946813, 12008
1, 30.000000, 1.946813, 12013
1, 30.000000, 1.946813, 12017
1, 30.000000, 1.946813, 12022
1, 30.000000, 1.946813, 12027
1, 30.000000, 1.946813, 12032
1, 30.000000, 1.946813, 12036
1, 30.000000, 1.946813, 12041
1, 30.000000, 1.946813, 12046
1, 30.000000, 1.946813, 12050
1, 30.000000, 1.946813, 12055
1, 30.000000, 1.946813, 12060
1, 30.000000, 1.946813, 12065
1, 30.000000, 1.946813, 12069
1, 30.000000, 1.946813, 12074
1, 30.000000, 1.946813, 12079
1, 30.000000, 1.946813, 12084
1, 30.000000, 1.946813, 12088
1, 30.000000, 1.946813, 12093
1, 30.000000, 1.946813, 12098
1, 30.000000, 1.946813, 12103
1, 30.000000, 1.946813, 12107
1, 30.000000, 1.946813, 12112
1, 30.000000, 1.946813, 12117
1, 30.000000, 1.946813, 12122
1, 30.000000, 1.946813, 12126
1, 30.000000, 1.946813, 12131
1, 30.000000, 1.946813, 12136
1, 30.000000, 1.946813, 12141
1, 30.000000, 1.946813, 12145
1, 30.000000, 1.946813, 12150
1, 30.000000, 1.946813, 12155
1, 30.000000, 1.946813, 12160
1, 30.000000, 1.946813, 12164
1, 30.000000, 1.946813, 12169
1, 30.000000, 1.946813, 12174
1, 30.000000, 1.946813, 12179
1, 30.000000, 1.946813, 12183
1, 30.000000, 1.946813, 12188
1, 30.000000, 1.946813, 12193
1, 30.000000, 1.946813, 12198
1, 30.000000, 1.946813, 12202
1, 30.000000, 1.946813, 12207
1, 30.000000, 1.946813, 12212
1, 30.000000, 1.946813, 12217
1, 30.000000, 1.946813, 12221
1, 30.000000, 1.946813, 12226
1, 30.000000, 1.946813, 12231
1, 30.000000, 1.946813, 12235
1, 30.000000, 1.946813, 12240
1, 30.000000, 1.946813, 12245
1, 30.000000, 1.946813, 12250
1, 30.000000, 1.946813, 12254
1, 30.000000, 1.946813, 12259
1, 30.000000, 1.946813, 12264
1, 30.000000, 1.946813, 12269
1, 30.000000, 1.946813, 12273
1, 30.000000, 1.946813, 12278
1, 30.000000, 1.946813, 12283
1, 30.000000, 1.946813, 12288
1, 30.000000, 1.946813, 12292
1, 30.000000, 1.946813, 12297
1, 30.000000, 1.946813, 12302
1, 30.000000, 1.946813, 12307
1, 30.000000, 1.946813, 12311
1, 30.000000, 1.946813, 12316
1, 30.000000, 1.946813, 12321
1, 30.000000, 1.946813, 12326
1, 30.000000, 1.946813, 12330
1, 30.000000, 1.946813, 12335
1, 30.000000, 1.946813, 12340
1, 30.000000, 1.946813, 12345
1, 30.000000, 1.946813, 12349
1, 30.000000, 1.946813, 12354
1, 30.000000, 1.946813, 12359
1, 30.000000, 1.946813, 12364
1, 30.000000, 1.946813, 12368
1, 30.000000, 1.946813, 12373
1, 30.000000, 1.946813, 12378
1, 30.000000, 1.946813, 12382
1, 30.000000, 1.946813, 12387
1, 30.000000, 1.946813, 12392
1, 30.000000, 1.946813, 12397
1, 30.000000, 1.946813, 12401
1, 30.000000, 1.946813, 12406
1, 30.000000, 1.946813, 12411
1, 30.000000, 1.946813, 12416
1, 30.000000, 1.946813, 12420
1, 30.000000, 1.946813, 12425
1, 30.000000, 1.946813, 12430
1, 30.000000, 1.946813, 12435
1, 30.000000, 1.946813, 12439
1, 30.000000, 1.946813, 12444
1, 30.000000, 1.946813, 12449
1, 30.000000, 1.946813, 12454
1, 30.000000, 1.946813, 12458
1, 30.000000, 1.946813, 12463
1, 30.000000, 1.946813, 12468
1, 30.000000, 1.946813, 12473
1, 30.000000, 1.946813, 12477
1, 30.000000, 1.946813, 12482
1, 30.000000, 1.946813, 12487
1, 30.000000, 1.946813, 12492
1, 30.000000, 1.946813, 12496
1, 30.000000, 1.946813, 12501
1, 30.000000, 1.946813, 12506
1, 30.000000, 1.946813, 12511
1, 30.000000, 1.946813, 12515
1, 30.000000, 1.946813, 12520
1, 30.000000, 1.946813, 12525
1, 30.000000, 1.946813, 12530
1, 30.000000, 1.946813, 12534
1, 30.000000, 1.946813, 12539
1, 30.000000, 1.946813, 12544
1, 30.000000, 1.946813, 12548
1, 30.000000, 1.946813, 12553
1, 30.000000, 1.946813, 12558
1, 30.000000, 1.946813, 12563
1, 30.000000, 1.946813, 12567
1, 30.000000, 1.946813, 12572
1, 30.000000, 1.946813, 12577
1, 30.000000, 1.946813, 12582
1, 30.000000, 1.946813, 12586
1, 30.000000, 1.946813, 12591
1, 30.000000, 1.946813, 12596
1, 30.000000, 1.946813, 12601
1, 30.000000, 1.946813, 12605
1, 30.000000, 1.946813, 12610
1, 30.000000, 1.946813, 12615
1, 30.000000, 1.946813, 12620
1, 30.000000, 1.946813, 12624
1, 30.000000, 1.946813, 12629
1, 30.000000, 1.946813, 12634
1, 30.000000, 1.946813, 12639
1, 30.000000, 1.946813, 12643
1, 30.000000, 1.946813, 12648
1, 30.000000, 1.946813, 12653
1, 30.000000, 1.946813, 12658
1, 30.000000, 1.946813, 12662
1, 30.000000, 1.946813, 12667
1, 30.000000, 1.946813, 12672
1, 30.000000, 1.946813, 12677
1, 30.000000, 1.946813, 12681
1, 30.000000, 1.946813, 12686
1, 30.000000, 1.946813, 12691
1, 30.000000, 1.946813, 12696
1, 30.000000, 1.946813, 12700
1, 30.000000, 1.946813, 12705
1, 30.000000, 1.946813, 12710
1, 30.000000, 1.946813, 12714
1, 30.000000, 1.946813, 12719
1, 30.000000, 1.946813, 12724
1, 30.000000, 1.946813, 12729
